61 61 73
61 62 72
61 63 65
61 64 64
61 64 69
61 66 72
61 66 98
61 67 89
61 67 96
61 69 91
61 69 105
61 70 103
62 63 73
62 64 66
62 65 65
62 65 70
62 65 90
62 67 78
62 68 77
62 69 109
63 62 72
63 63 70
63 63 75
63 65 67
63 66 71
63 66 89
63 67 96
63 68 79
63 68 95
63 68 108
63 69 78
63 69 98
63 71 107
63 74 121
64 60 63
64 61 62
64 62 67
64 62 74
64 63 65
64 63 73
64 64 64
64 64 71
64 64 76
64 65 70
64 65 75
64 65 88
64 65 90
64 66 68
64 66 87
64 66 94
64 67 72
64 67 80
64 67 90
64 67 92
64 68 77
64 69 82
64 69 109
64 71 104
64 72 108
64 73 101
65 63 68
65 63 75
65 64 66
65 64 74
65 65 65
65 65 72
65 65 86
65 65 93
65 65 98
65 66 71
65 66 91
65 66 96
65 67 69
65 67 83
65 67 88
65 67 95
65 68 81
65 68 86
65 68 93
65 68 105
65 69 112
65 70 102
65 70 110
65 71 107
65 71 109
65 71 119
65 72 105
65 72 117
66 61 62
66 61 67
66 61 75
66 62 58
66 62 65
66 63 57
66 63 62
66 63 64
66 63 70
66 64 55
66 64 60
66 64 69
66 64 76
66 64 83
66 65 52
66 65 67
66 65 75
66 65 82
66 65 88
66 65 90
66 65 95
66 66 66
66 66 73
66 66 78
66 66 80
66 66 87
66 66 94
66 67 62
66 67 72
66 67 77
66 67 85
66 67 90
66 67 92
66 67 111
66 68 84
66 68 89
66 68 109
66 69 59
66 69 74
66 69 82
66 69 108
66 69 114
66 70 56
66 70 86
66 70 113
66 71 103
66 71 111
66 72 120
66 73 106
66 73 113
67 62 68
67 62 91
67 63 66
67 64 63
67 64 65
67 64 71
67 64 86
67 64 99
67 65 61
67 65 70
67 65 93
67 65 98
67 65 103
67 66 60
67 66 68
67 66 83
67 66 89
67 66 91
67 66 96
67 66 101
67 67 58
67 67 67
67 67 79
67 67 81
67 67 88
67 67 95
67 68 63
67 68 86
67 68 91
67 68 93
67 68 98
67 68 105
67 68 112
67 69 76
67 69 85
67 69 90
67 69 97
67 69 103
67 69 110
67 70 83
67 70 93
67 70 95
67 70 109
67 71 80
67 71 105
67 71 119
67 71 121
67 72 104
67 72 117
67 72 124
67 74 119
67 75 113
68 61 72
68 62 70
68 63 62
68 63 69
68 63 77
68 63 92
68 63 98
68 64 60
68 64 67
68 64 74
68 64 83
68 64 88
68 64 97
68 65 59
68 65 64
68 65 66
68 65 72
68 65 82
68 65 87
68 66 57
68 66 62
68 66 71
68 66 78
68 66 80
68 66 85
68 66 94
68 67 56
68 67 61
68 67 69
68 67 77
68 67 84
68 67 90
68 67 92
68 67 102
68 68 59
68 68 68
68 68 75
68 68 80
68 68 82
68 68 89
68 68 101
68 68 114
68 69 56
68 69 58
68 69 74
68 69 79
68 69 87
68 69 99
68 69 106
68 69 108
68 69 113
68 70 86
68 70 98
68 70 104
68 70 111
68 70 118
68 70 125
68 71 53
68 71 108
68 71 110
68 71 116
68 72 106
68 72 115
68 72 120
68 73 113
68 73 118
68 74 110
68 74 117
68 74 122
68 74 124
68 75 115
68 76 100
68 76 114
68 76 119
68 77 124
68 83 126
69 62 68
69 62 73
69 63 66
69 63 71
69 63 80
69 63 89
69 64 63
69 64 65
69 64 70
69 64 76
69 64 78
69 64 86
69 64 99
69 65 61
69 65 68
69 65 75
69 65 89
69 65 91
69 65 98
69 66 60
69 66 65
69 66 67
69 66 73
69 66 83
69 66 88
69 66 96
69 66 101
69 67 58
69 67 63
69 67 72
69 67 79
69 67 81
69 67 86
69 67 95
69 67 100
69 67 105
69 67 107
69 68 55
69 68 57
69 68 62
69 68 70
69 68 78
69 68 85
69 68 91
69 68 93
69 68 98
69 68 103
69 69 53
69 69 69
69 69 76
69 69 81
69 69 83
69 69 90
69 69 97
69 69 102
69 69 110
69 70 65
69 70 75
69 70 88
69 70 93
69 70 95
69 70 100
69 70 107
69 70 109
69 71 55
69 71 73
69 71 87
69 71 105
69 71 119
69 71 121
69 72 90
69 72 97
69 72 117
69 73 89
69 73 102
69 73 116
69 73 121
69 73 123
69 73 128
69 74 101
69 74 114
69 75 123
69 76 96
69 76 121
69 77 108
69 78 106
69 79 110
69 84 127
69 85 126
70 61 72
70 63 69
70 63 74
70 64 67
70 64 72
70 65 64
70 65 66
70 65 71
70 65 94
70 66 62
70 66 69
70 66 90
70 66 92
70 66 104
70 66 106
70 67 61
70 67 66
70 67 68
70 67 84
70 67 89
70 67 102
70 67 109
70 68 59
70 68 64
70 68 80
70 68 82
70 68 87
70 68 101
70 68 106
70 68 108
70 69 56
70 69 58
70 69 63
70 69 79
70 69 86
70 69 99
70 69 104
70 69 113
70 69 126
70 70 77
70 70 82
70 70 84
70 70 98
70 70 103
70 70 111
70 70 116
70 71 53
70 71 60
70 71 76
70 71 94
70 71 96
70 71 101
70 71 108
70 71 110
70 71 115
70 71 123
70 72 51
70 72 74
70 72 93
70 72 100
70 72 106
70 72 113
70 72 120
70 72 127
70 73 73
70 73 96
70 73 105
70 73 110
70 73 112
70 73 118
70 73 130
70 74 103
70 74 117
70 74 122
70 74 124
70 74 129
70 75 102
70 75 107
70 75 115
70 75 120
70 76 98
70 76 100
70 76 105
70 76 112
70 76 119
70 76 124
70 77 104
70 77 122
70 78 116
70 79 126
70 81 128
70 85 128
70 86 127
71 62 73
71 63 63
71 63 71
71 63 76
71 64 70
71 64 75
71 64 83
71 65 60
71 65 68
71 65 73
71 65 82
71 65 96
71 65 110
71 66 65
71 66 67
71 66 72
71 66 78
71 66 80
71 66 88
71 66 95
71 66 101
71 66 108
71 66 113
71 67 55
71 67 63
71 67 70
71 67 77
71 67 86
71 67 91
71 67 93
71 67 100
71 67 105
71 67 107
71 68 53
71 68 62
71 68 67
71 68 69
71 68 75
71 68 85
71 68 90
71 68 98
71 68 103
71 68 110
71 69 60
71 69 65
71 69 74
71 69 81
71 69 83
71 69 88
71 69 97
71 69 102
71 69 107
71 69 109
71 70 57
71 70 59
71 70 64
71 70 72
71 70 80
71 70 87
71 70 93
71 70 95
71 70 100
71 70 105
71 70 119
71 70 127
71 71 55
71 71 62
71 71 71
71 71 78
71 71 83
71 71 85
71 71 92
71 71 99
71 71 117
71 72 54
71 72 59
71 72 61
71 72 67
71 72 77
71 72 82
71 72 90
71 72 95
71 72 97
71 72 116
71 72 124
71 73 57
71 73 66
71 73 89
71 73 101
71 73 114
71 73 121
71 73 123
71 73 128
71 74 64
71 74 79
71 74 92
71 74 97
71 74 113
71 74 119
71 74 126
71 75 109
71 75 118
71 75 123
71 75 125
71 76 108
71 76 116
71 77 93
71 77 106
71 77 120
71 78 105
71 78 111
71 79 117
71 80 127
72 64 64
72 64 66
72 65 62
72 65 71
72 65 84
72 66 61
72 66 69
72 66 83
72 66 92
72 66 104
72 66 106
72 66 111
72 67 66
72 67 68
72 67 79
72 67 81
72 67 89
72 67 102
72 67 109
72 67 114
72 68 56
72 68 64
72 68 78
72 68 87
72 68 101
72 68 106
72 68 108
72 68 113
72 69 63
72 69 76
72 69 86
72 69 99
72 69 104
72 69 111
72 69 118
72 70 53
72 70 61
72 70 75
72 70 82
72 70 84
72 70 98
72 70 103
72 70 108
72 70 110
72 70 116
72 70 123
72 71 51
72 71 58
72 71 60
72 71 73
72 71 81
72 71 94
72 71 96
72 71 101
72 71 106
72 71 115
72 71 120
72 71 122
72 72 56
72 72 70
72 72 72
72 72 79
72 72 93
72 72 113
72 72 118
72 73 55
72 73 78
72 73 91
72 73 96
72 73 98
72 73 110
72 73 112
72 73 117
72 73 125
72 73 130
72 74 53
72 74 76
72 74 90
72 74 102
72 74 108
72 74 115
72 74 122
72 74 124
72 75 65
72 75 75
72 75 88
72 75 93
72 75 98
72 75 100
72 75 114
72 75 120
72 75 127
72 75 132
72 76 92
72 76 105
72 76 110
72 76 119
72 76 124
72 77 88
72 77 104
72 77 109
72 77 117
72 78 94
72 78 100
72 78 107
72 78 114
72 78 121
72 78 126
72 79 119
72 80 111
72 80 123
73 64 61
73 64 88
73 65 101
73 66 63
73 66 72
73 66 77
73 66 85
73 66 100
73 66 108
73 66 113
73 67 62
73 67 70
73 67 75
73 67 84
73 67 91
73 67 93
73 67 98
73 67 105
73 67 107
73 67 112
73 68 60
73 68 67
73 68 69
73 68 74
73 68 80
73 68 82
73 68 90
73 68 97
73 68 103
73 68 110
73 69 52
73 69 57
73 69 65
73 69 72
73 69 79
73 69 88
73 69 93
73 69 95
73 69 102
73 69 107
73 69 109
73 70 55
73 70 64
73 70 69
73 70 71
73 70 77
73 70 87
73 70 92
73 70 100
73 70 105
73 70 119
73 71 54
73 71 62
73 71 67
73 71 76
73 71 83
73 71 85
73 71 90
73 71 99
73 71 104
73 71 117
73 72 59
73 72 61
73 72 66
73 72 74
73 72 82
73 72 89
73 72 95
73 72 97
73 72 102
73 72 116
73 72 121
73 72 123
73 73 51
73 73 57
73 73 64
73 73 71
73 73 73
73 73 80
73 73 85
73 73 87
73 73 94
73 73 101
73 73 114
73 73 119
73 73 128
73 74 56
73 74 63
73 74 84
73 74 92
73 74 99
73 74 111
73 74 113
73 74 118
73 74 126
73 75 54
73 75 59
73 75 68
73 75 77
73 75 91
73 75 96
73 75 109
73 75 123
73 75 125
73 76 58
73 76 66
73 76 89
73 76 94
73 76 108
73 76 113
73 76 115
73 76 121
73 77 49
73 77 93
73 77 106
73 77 111
73 77 120
73 78 105
73 78 110
73 78 118
73 78 130
73 79 117
73 79 127
74 65 89
74 65 91
74 65 104
74 66 66
74 67 64
74 67 78
74 67 86
74 67 101
74 67 109
74 67 114
74 68 63
74 68 76
74 68 85
74 68 99
74 68 106
74 68 108
74 69 54
74 69 61
74 69 75
74 69 81
74 69 83
74 69 98
74 69 104
74 69 111
74 69 116
74 70 53
74 70 58
74 70 73
74 70 80
74 70 94
74 70 96
74 70 103
74 70 108
74 70 110
74 70 115
74 70 128
74 71 56
74 71 70
74 71 72
74 71 78
74 71 93
74 71 101
74 71 106
74 71 113
74 71 120
74 71 122
74 72 55
74 72 68
74 72 77
74 72 91
74 72 100
74 72 105
74 72 110
74 72 112
74 72 118
74 72 125
74 72 132
74 73 53
74 73 67
74 73 90
74 73 96
74 73 98
74 73 103
74 73 108
74 73 117
74 73 122
74 73 124
74 74 65
74 74 74
74 74 88
74 74 95
74 74 102
74 74 107
74 74 115
74 74 120
74 74 129
74 74 136
74 75 64
74 75 85
74 75 93
74 75 98
74 75 100
74 75 105
74 75 112
74 75 114
74 75 119
74 75 127
74 75 132
74 76 47
74 76 92
74 76 97
74 76 104
74 76 110
74 76 117
74 76 124
74 76 126
74 76 131
74 77 88
74 77 90
74 77 95
74 77 109
74 77 114
74 77 116
74 77 122
74 77 129
74 77 134
74 78 80
74 78 94
74 78 112
74 78 121
74 78 126
74 78 128
74 79 119
74 79 124
74 79 131
74 80 116
74 80 118
74 80 123
74 80 130
74 80 136
74 81 121
74 82 133
75 65 72
75 66 63
75 66 70
75 66 77
75 66 90
75 66 105
75 66 107
75 66 113
75 67 67
75 67 75
75 67 80
75 67 103
75 67 112
75 68 60
75 68 65
75 68 74
75 68 79
75 68 97
75 68 102
75 68 110
75 69 57
75 69 64
75 69 72
75 69 77
75 69 86
75 69 93
75 69 95
75 69 100
75 69 107
75 69 109
75 69 119
75 70 55
75 70 62
75 70 69
75 70 71
75 70 76
75 70 82
75 70 84
75 70 92
75 70 99
75 70 105
75 70 117
75 71 59
75 71 61
75 71 67
75 71 74
75 71 81
75 71 90
75 71 95
75 71 97
75 71 104
75 71 116
75 72 66
75 72 71
75 72 73
75 72 79
75 72 89
75 72 94
75 72 102
75 72 114
75 72 121
75 72 123
75 73 56
75 73 64
75 73 69
75 73 78
75 73 85
75 73 87
75 73 92
75 73 101
75 73 111
75 73 113
75 73 119
75 73 126
75 74 54
75 74 61
75 74 63
75 74 76
75 74 84
75 74 91
75 74 97
75 74 99
75 74 109
75 74 118
75 74 123
75 74 125
75 75 53
75 75 59
75 75 66
75 75 82
75 75 87
75 75 89
75 75 96
75 75 108
75 75 116
75 75 121
75 75 135
75 76 58
75 76 86
75 76 94
75 76 106
75 76 113
75 76 115
75 76 120
75 76 133
75 77 56
75 77 79
75 77 105
75 77 111
75 77 118
75 77 132
75 78 53
75 78 55
75 78 83
75 78 103
75 78 115
75 78 117
75 78 130
75 78 135
75 79 113
75 79 127
75 79 129
75 79 134
75 80 125
75 80 132
75 81 124
75 81 137
75 82 122
75 83 134
76 63 93
76 66 68
76 67 78
76 67 93
76 67 101
76 67 114
76 68 63
76 68 76
76 68 81
76 68 90
76 68 104
76 69 61
76 69 75
76 69 80
76 69 103
76 69 116
76 69 130
76 70 58
76 70 73
76 70 87
76 70 94
76 70 96
76 70 101
76 70 108
76 70 115
76 70 120
76 71 56
76 71 70
76 71 72
76 71 77
76 71 83
76 71 93
76 71 100
76 71 106
76 71 113
76 71 118
76 71 132
76 72 68
76 72 75
76 72 82
76 72 91
76 72 96
76 72 98
76 72 110
76 72 112
76 72 117
76 72 125
76 72 130
76 73 67
76 73 74
76 73 80
76 73 90
76 73 95
76 73 103
76 73 108
76 73 115
76 73 122
76 73 124
76 73 129
76 74 65
76 74 79
76 74 86
76 74 88
76 74 93
76 74 102
76 74 107
76 74 112
76 74 114
76 74 120
76 74 127
76 74 134
76 74 136
76 75 62
76 75 64
76 75 85
76 75 92
76 75 98
76 75 100
76 75 105
76 75 110
76 75 119
76 75 124
76 75 126
76 75 132
76 76 60
76 76 83
76 76 90
76 76 97
76 76 109
76 76 117
76 76 122
76 76 131
76 76 136
76 76 138
76 77 59
76 77 107
76 77 114
76 77 116
76 77 121
76 77 129
76 77 134
76 78 57
76 78 94
76 78 106
76 78 112
76 78 119
76 78 126
76 78 128
76 78 133
76 78 138
76 79 56
76 79 97
76 79 116
76 79 118
76 79 124
76 79 131
76 79 136
76 80 109
76 80 123
76 80 128
76 80 130
76 80 135
76 81 51
76 81 121
76 81 126
76 81 133
76 82 106
76 82 120
76 85 113
77 63 95
77 64 94
77 67 67
77 67 74
77 68 72
77 68 107
77 69 69
77 69 71
77 69 77
77 69 105
77 70 67
77 70 104
77 71 59
77 71 66
77 71 74
77 71 79
77 71 95
77 71 97
77 71 102
77 71 116
77 71 121
77 71 129
77 72 57
77 72 64
77 72 71
77 72 73
77 72 78
77 72 94
77 72 101
77 72 114
77 72 119
77 73 61
77 73 63
77 73 69
77 73 76
77 73 92
77 73 97
77 73 99
77 73 111
77 73 113
77 73 118
77 73 126
77 74 54
77 74 59
77 74 68
77 74 75
77 74 91
77 74 96
77 74 109
77 74 116
77 74 123
77 74 125
77 75 58
77 75 66
77 75 94
77 75 108
77 75 113
77 75 115
77 75 121
77 75 135
77 76 65
77 76 93
77 76 106
77 76 111
77 76 120
77 76 133
77 77 61
77 77 84
77 77 89
77 77 91
77 77 110
77 77 118
77 77 132
77 77 137
77 77 139
77 78 51
77 78 103
77 78 108
77 78 115
77 78 117
77 78 130
77 78 135
77 79 100
77 79 107
77 79 127
77 79 129
77 79 134
77 79 139
77 80 57
77 80 98
77 80 112
77 80 125
77 80 132
77 81 110
77 81 124
77 81 129
77 81 131
77 81 136
77 82 127
77 82 134
77 83 131
78 69 108
78 69 123
78 70 70
78 70 106
78 70 115
78 71 68
78 71 77
78 71 90
78 71 105
78 71 113
78 71 118
78 71 134
78 72 67
78 72 80
78 72 96
78 72 103
78 72 110
78 72 112
78 72 117
78 72 122
78 73 65
78 73 74
78 73 79
78 73 85
78 73 95
78 73 102
78 73 108
78 73 115
78 73 120
78 73 129
78 73 134
78 74 62
78 74 64
78 74 70
78 74 77
78 74 84
78 74 98
78 74 100
78 74 107
78 74 112
78 74 114
78 74 119
78 74 127
78 75 69
78 75 76
78 75 82
78 75 97
78 75 105
78 75 110
78 75 117
78 75 124
78 75 126
78 75 131
78 76 59
78 76 67
78 76 81
78 76 95
78 76 104
78 76 109
78 76 114
78 76 116
78 76 122
78 76 129
78 76 136
78 77 66
78 77 79
78 77 100
78 77 102
78 77 107
78 77 112
78 77 121
78 77 126
78 77 128
78 77 134
78 78 92
78 78 99
78 78 106
78 78 119
78 78 124
78 78 133
78 78 138
78 78 140
78 79 102
78 79 104
78 79 109
78 79 116
78 79 118
78 79 123
78 79 131
78 79 136
78 80 96
78 80 101
78 80 108
78 80 121
78 80 128
78 80 130
78 80 135
78 81 104
78 81 106
78 81 118
78 81 120
78 81 126
78 81 133
78 82 125
78 82 130
78 82 132
78 83 115
78 83 123
78 83 128
78 83 142
78 84 122
78 86 137
78 87 120
78 87 136
79 71 59
79 71 71
79 71 121
79 71 123
79 71 128
79 72 69
79 72 119
79 72 126
79 73 56
79 73 61
79 73 76
79 73 97
79 73 111
79 73 113
79 73 118
79 73 125
79 74 59
79 74 66
79 74 75
79 74 86
79 74 96
79 74 109
79 74 121
79 74 135
79 75 63
79 75 85
79 75 108
79 75 113
79 75 115
79 75 120
79 75 133
79 76 61
79 76 70
79 76 83
79 76 106
79 76 111
79 76 118
79 76 132
79 77 55
79 77 68
79 77 82
79 77 105
79 77 110
79 77 115
79 77 117
79 77 130
79 77 137
79 78 67
79 78 80
79 78 101
79 78 103
79 78 108
79 78 127
79 78 129
79 78 135
79 79 100
79 79 107
79 79 125
79 79 134
79 79 139
79 79 141
79 80 98
79 80 103
79 80 110
79 80 124
79 80 132
79 80 137
79 81 109
79 81 122
79 81 129
79 81 131
79 81 136
79 81 141
79 81 143
79 82 105
79 82 121
79 82 127
79 82 134
79 82 139
79 83 126
79 83 131
79 83 133
79 83 138
79 84 124
79 84 129
79 84 136
79 84 143
79 85 133
79 87 118
79 87 143
80 66 128
80 70 77
80 71 112
80 71 118
80 72 72
80 72 94
80 72 129
80 73 84
80 73 92
80 73 115
80 73 127
80 73 136
80 74 69
80 74 77
80 74 82
80 74 100
80 74 105
80 74 112
80 74 114
80 74 126
80 74 132
80 75 87
80 75 89
80 75 104
80 75 110
80 75 117
80 75 122
80 75 131
80 75 136
80 76 86
80 76 100
80 76 102
80 76 109
80 76 114
80 76 116
80 76 121
80 76 129
80 77 62
80 77 78
80 77 99
80 77 112
80 77 119
80 77 126
80 77 128
80 77 133
80 78 54
80 78 56
80 78 83
80 78 97
80 78 106
80 78 111
80 78 116
80 78 118
80 78 124
80 78 131
80 78 138
80 78 140
80 79 66
80 79 96
80 79 102
80 79 104
80 79 114
80 79 123
80 79 128
80 79 130
80 79 136
80 80 113
80 80 121
80 80 126
80 80 135
80 81 118
80 81 120
80 81 125
80 81 133
80 82 98
80 82 103
80 82 123
80 82 130
80 82 132
80 82 144
80 83 108
80 83 128
80 83 140
80 84 139
80 85 117
80 85 137
80 86 122
80 87 132
80 88 144
81 71 78
81 72 69
81 72 111
81 72 113
81 74 85
81 74 93
81 74 135
81 75 63
81 75 106
81 75 133
81 76 82
81 76 105
81 76 118
81 76 132
81 76 137
81 77 101
81 77 103
81 77 110
81 77 115
81 77 117
81 77 130
81 78 58
81 78 100
81 78 127
81 78 129
81 78 134
81 79 57
81 79 98
81 79 107
81 79 112
81 79 125
81 79 132
81 79 139
81 80 105
81 80 110
81 80 124
81 80 129
81 80 131
81 80 137
81 81 47
81 81 57
81 81 122
81 81 127
81 81 136
81 81 141
81 81 143
81 81 148
81 82 121
81 82 134
81 82 139
81 83 124
81 83 131
81 83 133
81 83 138
81 83 145
81 84 121
81 84 129
81 84 136
81 84 141
81 85 133
81 85 135
81 85 140
81 86 118
81 86 126
81 86 131
81 86 138
81 87 137
82 72 129
82 73 112
82 74 74
82 74 110
82 74 131
82 75 67
82 75 104
82 76 64
82 76 66
82 76 93
82 76 100
82 76 107
82 76 116
82 76 128
82 76 134
82 77 69
82 77 89
82 77 91
82 77 119
82 77 124
82 77 138
82 78 66
82 78 97
82 78 104
82 78 116
82 78 118
82 78 123
82 79 80
82 79 101
82 79 109
82 79 114
82 79 121
82 79 128
82 79 135
82 80 118
82 80 120
82 80 126
82 80 133
82 81 68
82 81 104
82 81 106
82 81 116
82 81 125
82 81 130
82 81 132
82 82 58
82 82 128
82 82 142
82 82 144
82 83 51
82 83 113
82 83 122
82 83 127
82 83 140
82 84 55
82 84 125
82 84 139
82 84 146
82 85 137
82 86 134
82 87 146
82 88 136
82 88 144
83 73 135
83 75 97
83 76 105
83 76 110
83 77 60
83 77 65
83 77 80
83 77 85
83 77 129
83 77 135
83 77 142
83 78 139
83 79 103
83 79 105
83 79 137
83 80 53
83 80 87
83 80 122
83 80 129
83 80 136
83 81 86
83 81 109
83 81 119
83 81 121
83 81 127
83 81 134
83 81 141
83 81 143
83 82 55
83 82 105
83 82 126
83 82 131
83 82 133
83 82 139
83 83 95
83 83 129
83 83 138
83 83 143
83 83 145
83 84 94
83 84 123
83 84 128
83 84 136
83 85 133
83 85 135
83 85 140
83 85 145
83 85 147
83 86 123
83 86 131
83 86 138
83 86 143
83 87 130
83 87 135
83 88 128
84 71 122
84 73 132
84 75 114
84 76 64
84 76 133
84 78 61
84 78 118
84 78 130
84 78 136
84 79 64
84 80 106
84 80 120
84 80 125
84 81 111
84 81 123
84 81 130
84 82 94
84 82 96
84 82 115
84 82 122
84 82 144
84 83 93
84 83 108
84 83 127
84 83 140
84 84 62
84 84 125
84 84 139
84 84 146
84 85 137
84 86 57
84 86 136
84 86 141
84 86 146
84 86 148
84 87 110
84 87 132
84 87 139
84 88 131
84 88 136
84 88 138
84 88 143
84 89 148
84 90 128
84 90 138
85 75 111
85 75 118
85 76 135
85 77 65
85 77 108
85 77 129
85 78 139
85 79 144
85 80 102
85 80 109
85 80 122
85 80 127
85 81 105
85 81 134
85 82 117
85 82 124
85 82 138
85 83 97
85 83 121
85 83 123
85 83 129
85 83 136
85 83 143
85 83 145
85 84 133
85 84 135
85 84 141
85 85 63
85 85 118
85 85 126
85 85 131
85 85 140
85 85 145
85 85 147
85 86 138
85 87 135
85 87 137
85 87 142
85 89 132
85 89 137
85 90 101
85 90 117
85 91 129
85 92 80
86 76 138
86 78 135
86 80 68
86 81 103
86 81 116
86 82 92
86 82 115
86 82 122
86 82 140
86 83 105
86 84 117
86 84 124
86 85 136
86 85 142
86 86 86
86 86 119
86 86 141
86 86 148
86 87 112
86 87 131
86 87 144
86 88 136
86 88 138
86 88 148
86 88 150
86 89 89
86 89 146
86 90 133
86 90 138
86 91 143
87 80 134
87 81 69
87 81 126
87 82 67
87 82 117
87 82 129
87 82 138
87 83 123
87 83 136
87 85 49
87 85 138
87 85 147
87 86 80
87 86 137
87 86 143
87 87 87
87 87 120
87 87 133
87 87 142
87 88 113
87 88 140
87 89 55
87 89 137
87 89 139
87 89 149
87 89 151
87 90 90
87 90 127
87 90 135
87 90 147
87 92 144
88 73 108
88 77 108
88 81 142
88 83 118
88 83 139
88 85 107
88 86 50
88 86 91
88 86 139
88 87 81
88 87 144
88 88 143
88 89 146
88 90 140
88 90 145
88 90 152
88 91 128
88 91 136
88 91 143
88 91 148
88 92 142
88 92 147
89 79 141
89 83 133
89 84 113
89 84 119
89 84 140
89 86 142
89 87 125
89 88 123
89 88 139
89 89 135
89 89 149
89 90 134
89 90 147
89 91 57
89 92 144
89 92 149
90 86 131
90 86 144
90 87 143
90 88 126
90 88 148
90 89 78
90 89 114
90 89 140
90 90 145
90 90 150
90 91 59
90 91 109
90 91 143
91 82 129
91 89 135
91 90 77
91 90 79
91 91 146
91 91 151
91 92 110
91 92 144
92 78 147
92 88 114
92 89 111
92 89 131
92 90 136
92 90 143
92 90 150
92 91 78
92 92 147
