74 105 87
74 106 85
74 109 99
74 110 98
74 110 103
74 111 101
74 112 100
74 113 105
74 113 107
74 114 103
74 118 111
74 128 124
74 131 129
75 106 88
75 106 95
75 108 92
75 109 102
75 110 87
75 110 100
75 111 99
75 113 109
75 114 106
75 114 108
75 115 104
75 116 103
75 116 108
75 116 110
75 119 110
75 120 115
75 121 112
75 121 114
75 122 117
75 125 119
75 129 125
75 132 130
76 104 87
76 104 89
76 105 85
76 106 97
76 107 96
76 108 101
76 109 99
76 110 89
76 110 98
76 111 96
76 111 101
76 112 100
76 112 105
76 112 107
76 113 98
76 113 103
76 114 102
76 115 114
76 117 104
76 117 109
76 118 107
76 120 118
76 121 116
76 121 121
76 123 118
76 124 123
76 126 120
76 127 119
76 128 122
76 132 128
77 102 94
77 104 91
77 105 88
77 106 95
77 107 93
77 107 98
77 108 90
77 108 97
77 109 95
77 110 92
77 110 100
77 111 99
77 112 97
77 113 96
77 113 106
77 113 108
77 114 104
77 116 108
77 117 113
77 118 105
77 118 110
77 119 108
77 120 115
77 120 120
77 121 112
77 121 114
77 122 110
77 122 117
77 123 116
77 123 121
77 124 119
77 128 125
77 131 127
77 132 130
77 133 129
77 133 134
77 142 143
78 102 92
78 104 87
78 104 89
78 105 99
78 107 96
78 108 94
78 108 99
78 109 91
78 109 93
78 109 98
78 110 105
78 111 93
78 111 95
78 111 101
78 112 100
78 112 105
78 112 107
78 113 98
78 113 103
78 115 100
78 115 105
78 117 109
78 117 111
78 118 107
78 120 118
78 120 123
78 121 116
78 122 113
78 122 115
78 123 118
78 124 115
78 124 117
78 124 122
78 125 120
78 126 119
78 126 125
78 127 124
78 127 129
78 128 122
78 128 127
78 129 121
78 129 126
78 130 124
78 130 131
78 131 129
78 132 128
78 134 135
78 137 137
79 105 90
79 106 100
79 107 90
79 107 92
79 108 88
79 108 97
79 109 82
79 109 87
79 109 95
79 109 100
79 110 92
79 110 94
79 110 99
79 111 97
79 112 96
79 113 106
79 113 113
79 114 104
79 115 103
79 115 108
79 116 106
79 117 105
79 118 110
79 119 108
79 120 112
79 120 114
79 121 110
79 122 117
79 123 114
79 124 119
79 125 116
79 125 118
79 127 126
79 128 125
79 129 123
79 129 128
79 130 127
79 131 125
79 131 132
79 132 130
79 132 135
79 133 134
79 134 132
79 135 136
79 136 134
79 142 142
79 144 147
80 102 92
80 104 87
80 106 84
80 108 93
80 108 99
80 110 88
80 110 96
80 110 101
80 111 93
80 111 95
80 111 100
80 112 98
80 112 105
80 113 103
80 114 102
80 114 107
80 115 100
80 115 105
80 116 99
80 116 104
80 116 109
80 117 102
80 117 107
80 121 113
80 121 115
80 122 120
80 122 125
80 123 118
80 123 123
80 124 115
80 124 117
80 124 122
80 125 120
80 126 119
80 126 124
80 127 122
80 128 121
80 129 131
80 130 124
80 130 129
80 131 121
80 131 123
80 131 128
80 132 126
80 133 118
80 133 125
80 134 135
80 135 133
80 136 137
80 138 140
80 140 142
80 141 136
80 141 141
80 143 143
80 148 155
81 103 93
81 105 88
81 105 95
81 106 98
81 107 85
81 107 90
81 107 92
81 107 97
81 108 88
81 108 95
81 109 87
81 109 94
81 109 100
81 110 99
81 111 84
81 111 97
81 113 92
81 113 106
81 114 104
81 115 103
81 115 108
81 116 101
81 116 106
81 117 100
81 117 110
81 117 112
81 118 108
81 119 107
81 120 112
81 120 114
81 121 110
81 121 117
81 122 109
81 122 114
81 122 116
81 123 121
81 124 119
81 125 116
81 125 118
81 127 125
81 128 123
81 128 130
81 130 127
81 130 132
81 131 125
81 131 130
81 132 129
81 132 135
81 133 134
81 134 132
81 134 137
81 135 131
81 135 136
81 136 134
81 136 139
81 138 150
81 141 143
81 142 142
81 143 145
81 146 149
81 149 156
82 105 97
82 107 99
82 108 91
82 108 98
82 109 89
82 109 96
82 110 93
82 110 95
82 110 101
82 111 91
82 111 100
82 111 105
82 112 85
82 112 98
82 112 103
82 113 81
82 113 95
82 113 97
82 113 102
82 114 100
82 114 107
82 114 109
82 115 99
82 115 105
82 116 104
82 116 109
82 117 102
82 117 107
82 118 101
82 118 106
82 119 104
82 120 116
82 121 113
82 121 115
82 122 111
82 122 118
82 123 110
82 123 117
82 124 113
82 125 120
82 125 125
82 126 119
82 126 124
82 127 115
82 127 122
82 128 119
82 128 121
82 128 126
82 129 124
82 130 123
82 130 129
82 131 128
82 133 125
82 134 135
82 134 142
82 135 120
82 136 132
82 136 137
82 137 135
82 137 140
82 138 139
82 139 132
82 139 146
82 140 142
82 141 141
82 142 139
82 143 143
82 144 146
83 104 88
83 107 90
83 107 92
83 108 88
83 108 95
83 108 100
83 109 87
83 109 92
83 109 94
83 109 99
83 110 97
83 111 89
83 111 94
83 111 96
83 112 87
83 112 92
83 113 86
83 113 91
83 113 104
83 114 103
83 115 101
83 115 108
83 115 110
83 116 98
83 116 100
83 116 106
83 117 105
83 117 110
83 118 108
83 118 115
83 119 107
83 119 112
83 119 114
83 120 110
83 120 119
83 121 109
83 121 117
83 122 107
83 122 116
83 123 112
83 123 119
83 124 111
83 124 116
83 124 118
83 125 109
83 125 114
83 127 125
83 128 123
83 128 128
83 129 120
83 129 122
83 129 127
83 130 118
83 130 125
83 131 122
83 131 124
83 131 130
83 132 129
83 132 134
83 133 132
83 134 124
83 134 131
83 134 137
83 135 136
83 135 143
83 136 134
83 137 133
83 139 130
83 140 133
83 140 152
83 141 143
83 142 142
83 143 140
83 143 145
83 143 147
83 144 139
83 145 147
83 145 149
83 146 154
83 149 148
83 150 151
83 152 157
83 154 145
84 108 93
84 110 93
84 110 95
84 110 100
84 111 86
84 111 98
84 112 90
84 112 95
84 112 97
84 113 93
84 113 102
84 114 100
84 114 105
84 115 99
84 115 104
84 116 102
84 116 109
84 117 101
84 117 107
84 118 106
84 119 104
84 119 116
84 120 113
84 121 111
84 121 120
84 122 110
84 123 108
84 123 115
84 123 117
84 123 122
84 123 130
84 124 113
84 125 117
84 125 119
84 125 125
84 125 130
84 127 114
84 127 122
84 128 119
84 128 121
84 129 117
84 129 129
84 130 116
84 130 123
84 130 128
84 131 119
84 133 135
84 135 132
84 135 138
84 136 130
84 136 137
84 137 135
84 137 140
84 138 139
84 139 142
84 140 141
84 141 153
84 142 144
84 142 146
84 143 143
84 143 150
84 144 146
84 147 142
84 148 154
84 149 150
84 149 157
84 150 149
84 151 152
84 153 158
84 154 156
85 104 88
85 106 90
85 108 100
85 110 97
85 111 94
85 112 87
85 113 84
85 113 104
85 114 103
85 115 101
85 115 106
85 116 100
85 116 105
85 117 103
85 118 100
85 118 102
85 118 108
85 119 107
85 119 127
85 120 105
85 120 110
85 121 104
85 121 109
85 121 114
85 122 107
85 122 112
85 123 111
85 123 119
85 124 109
85 124 116
85 124 118
85 125 114
85 126 113
85 128 123
85 128 128
85 129 120
85 130 118
85 130 125
85 131 117
85 131 122
85 131 124
85 131 129
85 132 120
85 132 127
85 132 134
85 133 124
85 133 126
85 133 132
85 134 122
85 134 131
85 134 136
85 135 129
85 135 134
85 136 128
85 136 133
85 136 139
85 137 131
85 137 138
85 138 136
85 138 148
85 139 135
85 140 143
85 140 145
85 141 150
85 142 149
85 142 154
85 143 145
85 143 147
85 143 157
85 144 144
85 144 151
85 145 142
85 145 149
85 146 146
85 146 153
85 147 149
85 148 143
85 149 146
85 149 155
85 150 151
85 151 150
85 152 153
85 152 155
85 163 173
86 102 87
86 110 86
86 110 95
86 110 100
86 111 98
86 112 97
86 112 102
86 113 100
86 114 92
86 114 97
86 114 99
86 114 105
86 115 90
86 115 104
86 116 102
86 117 106
86 117 119
86 119 101
86 119 103
86 121 111
86 122 110
86 122 115
86 123 113
86 125 110
86 125 117
86 125 119
86 126 115
86 127 114
86 127 119
86 128 117
86 129 116
86 129 129
86 130 121
86 130 123
86 130 128
86 131 119
86 131 126
86 132 118
86 132 123
86 132 125
86 132 136
86 132 138
86 133 121
86 134 120
86 134 133
86 134 138
86 134 140
86 135 132
86 135 137
86 136 135
86 137 127
86 137 129
86 137 134
86 138 125
86 138 132
86 138 139
86 139 129
86 139 131
86 139 137
86 139 142
86 140 136
86 140 141
86 141 134
86 141 139
86 141 144
86 141 146
86 141 153
86 142 143
86 144 133
86 144 146
86 144 148
86 144 158
86 145 145
86 146 137
86 146 155
86 147 142
86 147 154
86 148 152
86 151 146
86 151 154
86 152 144
86 154 148
86 154 153
86 155 160
86 156 158
86 156 163
86 158 160
87 103 88
87 104 86
87 106 83
87 106 90
87 106 92
87 107 80
87 107 95
87 108 94
87 112 104
87 113 103
87 114 101
87 115 98
87 115 100
87 116 105
87 117 108
87 118 107
87 119 98
87 119 112
87 120 104
87 120 110
87 121 114
87 122 107
87 122 112
87 123 111
87 123 116
87 123 118
87 124 109
87 124 114
87 127 123
87 128 120
87 129 118
87 129 127
87 130 125
87 131 115
87 131 122
87 131 124
87 131 129
87 132 127
87 132 132
87 133 119
87 133 124
87 133 131
87 133 137
87 134 129
87 135 121
87 135 126
87 135 128
87 135 134
87 136 133
87 136 138
87 137 131
87 137 136
87 138 128
87 138 130
87 139 133
87 140 130
87 140 132
87 140 145
87 140 150
87 141 128
87 141 142
87 142 140
87 142 145
87 142 147
87 143 144
87 143 152
87 143 157
87 144 137
87 144 142
87 145 136
87 145 141
87 145 147
87 145 149
87 145 154
87 146 139
87 146 146
87 147 151
87 147 156
87 148 143
87 148 148
87 148 155
87 149 146
87 150 140
87 150 145
87 150 158
87 152 147
87 152 153
87 154 150
87 155 149
87 155 162
87 157 169
87 158 168
87 162 173
87 165 175
88 110 86
88 110 91
88 111 98
88 112 95
88 112 102
88 113 93
88 113 100
88 115 102
88 116 94
88 117 106
88 120 99
88 121 118
88 122 115
88 122 117
88 123 108
88 124 112
88 124 117
88 124 119
88 126 122
88 127 119
88 128 117
88 128 124
88 129 121
88 129 123
88 130 128
88 131 126
88 132 116
88 132 123
88 132 125
88 134 132
88 136 127
88 136 129
88 136 135
88 136 140
88 136 149
88 137 125
88 137 134
88 138 132
88 138 137
88 138 146
88 139 129
88 139 131
88 139 136
88 140 134
88 140 141
88 140 148
88 141 133
88 141 139
88 141 144
88 141 151
88 142 143
88 142 150
88 143 136
88 143 141
88 143 146
88 144 140
88 144 145
88 145 131
88 145 138
88 145 143
88 146 142
88 146 155
88 147 154
88 148 139
88 148 152
88 149 156
88 149 162
88 150 147
88 150 154
88 151 146
88 151 151
88 151 159
88 152 144
88 152 149
88 153 156
88 154 160
88 155 151
88 155 156
88 155 158
88 156 163
88 157 162
88 159 157
88 161 159
88 163 174
88 166 176
89 114 86
89 115 84
89 119 110
89 119 124
89 120 109
89 120 122
89 121 114
89 122 106
89 122 112
89 122 119
89 123 111
89 124 114
89 125 113
89 128 120
89 128 122
89 129 118
89 130 122
89 130 124
89 131 129
89 133 124
89 133 126
89 133 131
89 134 129
89 136 124
89 136 131
89 137 128
89 137 130
89 137 136
89 138 126
89 138 135
89 139 133
89 139 147
89 140 130
89 140 132
89 140 143
89 140 145
89 141 142
89 141 154
89 142 127
89 142 140
89 142 145
89 142 152
89 143 151
89 144 137
89 144 142
89 144 147
89 144 149
89 144 156
89 145 134
89 145 141
89 145 146
89 145 159
89 146 139
89 146 144
89 146 158
89 147 138
89 147 143
89 147 156
89 148 141
89 148 148
89 149 140
89 149 146
89 149 151
89 149 158
89 150 145
89 150 150
89 151 148
89 151 155
89 152 147
89 152 152
89 153 145
89 155 147
89 155 161
89 157 164
89 158 163
89 159 161
89 159 171
89 160 158
89 160 165
89 162 160
90 114 97
90 115 102
90 118 103
90 121 123
90 122 115
90 124 124
90 125 110
90 125 115
90 126 114
90 126 121
90 127 117
90 129 121
90 129 123
90 130 119
90 131 123
90 131 125
90 134 132
90 137 125
90 137 132
90 138 131
90 138 137
90 138 142
90 139 136
90 139 141
90 140 139
90 140 153
90 141 131
90 141 138
90 141 144
90 142 136
90 143 133
90 143 135
90 143 141
90 143 148
90 145 130
90 145 138
90 145 143
90 145 157
90 146 137
90 146 142
90 146 160
90 147 154
90 147 159
90 148 137
90 148 139
90 148 150
90 148 152
90 149 149
90 149 156
90 149 161
90 150 152
90 150 154
90 150 159
90 151 146
90 151 151
90 151 158
90 152 144
90 152 149
90 152 154
90 152 156
90 152 163
90 153 161
90 154 160
90 155 156
90 155 158
90 156 162
90 157 153
90 157 160
90 157 167
90 158 157
90 158 165
90 159 155
90 160 160
90 160 162
90 161 159
90 164 164
90 165 176
90 168 178
91 115 98
91 116 103
91 125 125
91 130 122
91 130 124
91 134 139
91 135 126
91 136 136
91 139 143
91 140 128
91 141 154
91 142 145
91 142 147
91 143 137
91 143 156
91 144 134
91 144 136
91 144 142
91 144 147
91 144 149
91 145 132
91 145 146
91 146 144
91 146 149
91 146 158
91 147 138
91 147 143
91 148 146
91 148 155
91 148 160
91 149 145
91 149 151
91 149 158
91 150 143
91 150 150
91 151 148
91 151 153
91 151 155
91 152 147
91 152 152
91 152 165
91 153 145
91 153 150
91 154 162
91 155 161
91 155 166
91 156 157
91 156 159
91 156 164
91 157 163
91 157 169
91 157 171
91 158 159
91 158 161
91 158 168
91 159 158
91 160 170
91 161 168
91 162 160
91 162 167
91 163 163
91 165 165
91 168 169
92 111 81
92 112 85
92 135 140
92 136 139
92 137 137
92 138 136
92 139 134
92 139 154
92 140 139
92 140 146
92 141 129
92 141 138
92 141 143
92 143 140
92 143 146
92 143 148
92 144 131
92 144 157
92 145 143
92 146 142
92 147 150
92 147 159
92 148 149
92 149 147
92 149 156
92 149 161
92 150 152
92 150 159
92 151 144
92 151 151
92 151 158
92 151 163
92 152 149
92 152 154
92 153 148
92 153 153
92 153 160
92 153 166
92 154 151
92 154 156
92 154 158
92 155 150
92 155 155
92 155 163
92 156 148
92 156 162
92 156 167
92 157 158
92 157 160
92 158 157
92 159 160
92 159 162
92 160 159
92 161 171
92 162 169
92 164 164
92 167 180
92 170 174
92 171 179
93 108 77
93 110 80
93 111 79
93 113 86
93 114 84
93 135 138
93 141 140
93 141 147
93 144 134
93 144 141
93 145 146
93 146 144
93 146 149
93 147 143
93 147 148
93 148 146
93 148 160
93 149 138
93 149 158
93 150 148
93 151 147
93 151 153
93 152 152
93 152 164
93 153 150
93 153 162
93 154 149
93 154 161
93 155 157
93 155 159
93 156 156
93 157 154
93 157 163
93 157 168
93 158 159
93 158 161
93 158 166
93 159 158
93 159 171
93 160 156
93 160 161
93 160 163
93 160 170
93 161 160
93 162 158
93 162 172
93 163 163
93 163 165
93 163 170
93 165 165
93 167 167
93 167 169
93 168 181
93 171 175
93 171 181
93 172 180
94 137 142
94 138 141
94 143 145
94 144 143
94 145 155
94 147 150
94 148 149
94 149 147
94 149 152
94 149 154
94 149 161
94 150 164
94 152 156
94 152 161
94 153 153
94 153 165
94 154 156
94 154 158
94 155 155
94 156 158
94 157 157
94 158 150
94 158 155
94 158 164
94 159 160
94 159 162
94 160 159
94 160 172
94 160 174
94 161 157
94 161 171
94 162 169
94 163 173
94 164 164
94 164 171
94 165 170
94 168 170
94 169 175
94 169 182
94 170 174
94 171 177
94 172 176
94 173 181
95 139 142
95 142 157
95 144 161
95 145 165
95 146 149
95 147 148
95 148 146
95 148 151
95 150 153
95 150 155
95 151 140
95 151 147
95 151 165
95 152 164
95 154 161
95 154 166
95 155 159
95 156 156
95 158 158
95 158 173
95 159 156
95 160 161
95 161 173
95 162 163
95 164 160
95 164 174
95 165 165
95 165 172
95 166 171
95 167 167
95 167 169
95 167 183
95 170 176
95 170 183
95 171 175
95 171 180
95 172 178
95 173 177
95 173 183
95 175 180
96 138 141
96 146 166
96 151 163
96 152 161
96 154 168
96 155 162
96 162 174
96 162 181
96 163 164
96 163 173
96 164 171
96 164 176
96 166 168
96 167 172
96 168 170
96 169 174
96 169 182
96 170 172
96 171 177
96 172 181
96 173 179
96 174 178
97 152 164
97 155 159
97 162 163
97 163 169
97 163 175
97 163 177
97 164 165
97 164 167
97 165 172
97 167 169
97 168 178
97 169 176
97 169 185
97 170 175
97 170 188
97 171 173
97 171 187
97 172 178
97 172 185
97 173 177
97 174 189
97 175 185
98 112 78
98 154 168
98 155 162
98 158 162
98 161 176
98 162 168
98 162 181
98 163 171
98 164 176
98 164 178
98 164 183
98 165 168
98 165 175
98 166 185
98 167 172
98 167 177
98 168 170
98 168 175
98 168 180
98 169 174
98 169 179
98 170 177
98 170 186
98 171 176
98 171 184
98 172 181
98 173 179
98 174 178
98 175 190
99 153 167
99 155 171
99 156 175
99 162 170
99 162 177
99 163 169
99 164 172
99 165 184
99 167 186
99 168 178
99 169 176
99 169 181
99 172 185
99 172 190
99 173 182
99 173 189
99 174 185
99 174 187
100 154 162
100 157 176
100 161 174
100 161 181
100 163 171
100 163 176
100 163 178
100 165 182
100 167 177
100 168 187
100 169 174
100 169 179
100 170 170
100 170 177
100 171 181
100 175 186
