70 70 84
73 73 87
74 73 90
74 73 90
70 71 96
74 71 106
79 76 111
75 77 111
74 78 112
75 79 113
73 79 117
80 76 116
77 80 112
72 75 112
73 78 118
73 78 118
70 77 117
73 78 110
71 71 104
73 72 89
73 69 72
71 68 69
74 70 60
79 75 63
94 92 49
77 91 78
91 98 91
95 94 83
86 89 57
74 75 48
77 75 58
74 68 63
72 69 63
76 75 110
87 83 128
103 102 57
102 103 42
101 102 36
103 107 33
107 104 37
106 103 44
103 104 45
104 103 42
103 104 43
99 105 38
101 107 40
103 106 49
101 102 65
102 99 100
91 95 138
81 87 130
80 81 125
76 81 108
97 96 42
94 96 41
100 101 35
99 102 31
98 102 27
98 101 30
102 105 27
103 103 35
102 102 34
103 102 41
103 104 38
99 99 43
101 107 40
102 109 40
103 108 44
90 82 118
82 85 122
76 75 110
76 77 95
75 71 81
74 69 75
69 66 65
83 86 34
87 98 22
90 97 33
94 94 38
95 97 34
92 95 29
92 97 26
92 97 26
92 96 28
74 70 103
71 75 109
76 72 105
77 71 102
76 70 101
75 68 97
73 72 97
73 72 97
72 71 96
71 70 93
71 70 93
72 71 94
70 71 96
70 75 102
76 77 116
93 93 114
101 102 41
104 104 41
105 107 39
106 108 33
106 108 33
102 107 36
103 108 37
106 105 44
105 107 39
104 108 34
80 81 118
73 71 99
76 72 82
78 76 67
83 85 51
85 90 51
87 93 52
98 98 42
100 104 30
103 102 48
110 107 67
105 106 67
105 107 59
107 108 63
105 107 59
112 111 52
104 109 45
108 107 46
107 109 35
109 106 39
105 107 33
105 110 27
108 107 41
104 104 41
104 108 33
105 104 43
101 104 33
104 105 39
104 108 34
103 106 35
103 107 32
103 107 32
100 102 34
103 105 37
105 104 43
106 106 50
88 87 136
74 77 114
72 70 82
72 67 66
97 102 38
94 106 22
96 100 40
97 100 34
95 101 26
95 101 26
99 101 46
85 94 33
92 93 34
93 94 55
101 102 31
101 103 29
98 100 37
103 105 37
101 101 45
85 84 128
73 79 117
71 70 93
70 67 66
88 93 54
91 98 49
95 101 48
97 103 50
91 100 65
91 100 65
93 102 67
91 99 41
87 94 50
91 96 47
73 74 56
73 68 74
74 71 78
75 72 79
76 72 82
73 70 77
72 69 76
72 71 73
74 71 70
75 73 69
77 75 66
95 96 44
97 101 41
96 103 25
95 100 43
104 92 65
96 100 40
96 99 42
91 93 52
78 75 60
73 69 72
73 71 90
81 75 120
96 92 130
106 108 33
107 107 30
106 108 33
106 112 26
107 109 27
105 107 25
105 102 48
100 104 44
91 83 119
79 83 117
77 78 117
76 75 110
74 77 114
75 76 113
74 75 112
73 76 115
74 77 116
73 78 118
82 76 121
79 80 124
82 84 125
85 85 118
93 87 113
88 92 80
95 98 59
89 94 71
92 97 74
84 87 105
82 78 111
78 76 109
71 69 83
71 67 70
72 69 63
71 67 63
71 66 67
71 68 67
73 69 72
67 65 93
65 66 91
65 66 91
65 66 91
67 65 93
69 65 91
69 65 91
71 64 98
71 64 98
71 66 101
65 68 105
71 67 107
65 70 110
71 72 116
75 75 121
73 76 121
76 76 122
72 77 122
72 77 122
72 77 122
69 73 116
66 69 106
69 68 103
71 68 98
68 67 84
69 66 83
69 65 68
68 63 69
68 64 67
68 64 67
68 64 67
68 65 66
68 64 67
68 64 67
68 63 69
68 63 69
68 63 69
68 62 70
68 62 70
73 63 70
73 63 70
80 84 127
81 85 128
84 88 131
82 88 131
80 80 126
83 83 129
85 79 124
82 78 123
80 81 118
80 77 107
74 71 101
78 78 99
75 73 78
77 72 73
75 72 66
70 67 66
73 70 69
73 70 69
75 73 64
75 74 61
75 74 63
99 98 37
96 98 30
101 103 35
105 102 41
102 105 27
103 100 41
103 105 37
97 101 41
102 105 39
97 93 103
83 81 127
80 83 122
78 78 111
79 78 101
75 73 92
75 75 89
75 72 94
76 73 95
76 74 93
75 75 89
72 75 114
72 77 117
71 77 115
69 75 113
71 74 113
71 70 105
70 71 101
72 71 96
71 67 93
72 68 78
67 67 65
72 68 64
94 96 33
91 98 42
90 95 31
96 98 35
99 98 37
99 101 33
99 94 47
99 102 24
97 96 35
96 95 36
100 102 28
100 103 25
99 99 43
102 100 49
83 80 131
74 75 119
74 69 111
71 70 93
68 68 80
71 69 74
72 62 75
69 64 70
69 66 67
71 67 77
72 66 83
70 67 89
71 70 95
69 66 96
69 66 101
68 67 102
68 66 104
68 66 104
76 69 75
76 69 75
76 69 75
75 69 77
77 70 81
78 72 89
72 71 81
76 72 96
78 76 104
74 76 110
75 77 118
82 83 127
82 82 128
79 83 131
85 82 131
84 81 132
81 82 126
81 82 126
79 83 126
79 81 129
78 80 128
79 81 122
80 82 123
83 83 124
80 80 121
78 77 121
79 81 122
78 80 121
78 78 119
78 77 112
76 78 112
76 78 112
79 77 115
79 77 115
78 79 116
78 81 118
78 81 118
78 81 120
79 81 122
74 81 121
83 81 127
79 80 124
80 84 127
80 80 121
80 80 121
77 78 117
80 78 118
78 79 118
76 78 119
77 76 120
78 78 119
78 78 119
79 76 118
79 76 118
79 75 120
77 76 120
77 76 120
78 77 121
80 79 123
80 79 123
80 79 123
78 78 119
76 79 116
77 78 117
78 76 114
78 76 114
78 76 114
75 77 111
76 78 112
107 104 37
102 106 26
100 102 28
106 108 33
103 105 30
103 105 31
105 110 32
103 105 31
103 108 25
101 105 25
104 105 39
100 102 28
97 105 25
95 103 23
99 98 37
98 95 48
92 103 61
97 101 55
91 96 47
93 99 37
91 98 42
93 101 29
84 95 34
90 96 43
96 91 44
92 94 44
94 94 44
94 99 28
95 95 45
89 93 72
79 73 123
76 73 124
77 72 128
73 77 120
70 69 118
70 70 111
70 71 110
70 71 110
67 69 110
71 70 105
71 67 100
62 65 90
71 67 91
70 68 87
69 67 86
72 66 90
68 69 99
67 71 119
99 95 59
100 100 37
101 100 34
105 109 35
104 103 44
105 107 33
105 107 33
106 109 31
103 104 33
101 102 36
96 102 28
98 99 33
94 98 30
90 89 49
75 68 60
73 69 59
70 68 59
70 69 58
68 65 64
72 66 83
86 85 102
105 106 35
103 102 36
99 102 36
107 104 37
108 107 34
108 110 28
108 110 28
108 109 30
107 112 21
105 107 32
98 104 29
97 103 36
74 70 80
73 67 75
73 66 77
74 69 98
99 96 49
100 103 25
101 107 21
107 105 28
107 109 20
104 107 21
102 108 22
103 105 30
102 104 29
103 104 25
97 98 37
97 94 54
97 91 60
99 93 62
95 95 47
92 92 44
96 98 43
104 103 30
99 104 21
101 106 23
101 106 23
101 103 29
101 103 29
101 106 23
101 107 21
98 97 36
97 101 27
94 103 28
98 100 37
101 107 32
106 108 33
103 110 20
105 110 27
108 107 34
105 104 31
105 109 20
105 108 23
107 110 19
104 108 19
103 104 25
101 107 20
99 105 31
88 129 116
86 121 111
88 110 100
97 102 53
96 96 40
99 98 44
94 96 33
94 96 41
95 97 42
92 101 26
91 97 35
93 103 63
90 148 150
97 157 159
92 152 154
91 151 153
90 151 151
89 148 148
89 144 142
84 128 119
97 103 43
97 99 36
100 95 46
99 101 46
99 101 46
100 102 47
97 100 48
96 102 35
97 101 39
94 107 89
84 116 102
81 117 105
83 120 105
81 118 103
83 119 102
81 117 100
88 112 102
85 111 89
79 107 90
79 108 88
79 110 94
85 120 105
89 134 129
87 138 135
89 144 142
86 147 142
82 146 138
82 146 138
84 143 136
82 141 134
86 138 132
88 136 129
87 130 125
84 123 122
81 127 125
81 131 125
85 135 129
91 147 148
94 156 153
79 109 87
92 108 74
81 104 83
85 120 105
91 137 130
93 147 143
86 143 136
86 121 111
81 112 94
82 110 95
85 111 96
82 113 97
83 118 103
84 123 122
89 135 128
87 135 134
87 135 134
85 123 119
80 111 95
87 103 83
95 101 39
95 103 36
96 100 54
94 103 54
99 101 53
93 108 72
83 110 85
81 108 88
81 108 88
103 107 27
105 109 20
105 108 22
105 106 35
106 111 28
103 105 31
78 80 108
78 70 92
69 64 70
71 64 70
68 63 62
72 70 61
96 101 30
94 98 30
101 103 35
98 97 43
99 100 34
100 100 37
103 103 40
97 101 26
104 105 39
104 106 24
107 110 25
106 112 26
105 105 37
101 103 35
103 102 41
108 104 48
105 107 25
102 97 43
100 102 28
100 100 37
98 104 29
99 106 23
99 103 28
98 103 25
100 101 30
100 105 22
100 104 24
107 108 29
105 110 27
107 110 25
105 108 22
105 110 27
105 108 23
106 107 22
105 110 27
102 103 32
106 105 39
105 106 35
100 103 32
100 104 30
100 104 30
100 105 27
102 104 30
106 107 21
105 107 39
105 104 30
105 109 20
105 106 35
92 90 54
93 94 49
98 95 48
97 100 34
87 93 47
95 101 41
93 99 39
97 98 59
70 72 122
72 71 122
72 71 122
72 71 120
72 71 120
74 71 120
72 71 115
74 68 108
74 65 104
67 68 98
64 66 94
68 65 95
68 64 88
69 65 89
71 67 91
73 69 93
72 68 87
70 67 84
72 69 86
73 69 88
70 66 85
69 65 89
71 67 93
65 65 98
69 67 105
76 72 117
81 72 119
77 75 121
70 76 124
70 76 126
79 71 128
75 74 125
75 74 125
74 76 126
74 76 126
78 75 126
77 74 125
74 73 124
72 71 122
67 71 121
68 68 101
72 66 92
70 64 72
70 65 71
70 65 71
70 65 71
71 66 72
73 68 74
70 65 71
70 65 71
70 62 75
69 67 72
72 68 78
69 65 84
71 69 97
65 65 98
67 66 101
65 66 96
67 67 100
68 68 101
69 67 105
70 68 106
70 68 106
75 66 105
75 66 105
73 66 100
71 68 98
65 71 95
70 67 84
69 63 71
68 64 67
69 66 67
69 66 65
70 65 64
70 65 64
70 65 64
70 65 64
69 66 65
69 66 67
70 67 68
70 66 69
70 64 72
70 66 85
71 70 105
72 69 111
76 71 118
74 73 122
70 74 122
71 75 123
71 75 123
69 73 123
73 72 123
73 72 123
75 72 123
75 72 123
74 71 122
69 71 121
74 71 113
72 69 111
72 69 111
