83 82 131
82 82 128
80 83 128
82 81 130
82 81 130
82 81 130
80 81 133
81 83 131
83 85 133
80 82 130
83 81 134
82 80 133
82 80 133
83 80 129
82 80 126
83 81 127
79 82 127
80 83 128
79 82 127
78 83 128
79 84 129
79 84 129
81 86 131
83 87 130
84 88 131
79 83 126
77 81 124
77 81 124
79 81 122
79 81 122
79 81 122
79 81 122
81 82 121
81 82 121
76 78 119
73 79 117
75 78 115
74 77 114
75 77 111
73 78 110
72 78 107
71 78 105
68 76 100
73 74 99
73 74 99
75 74 97
75 75 96
77 76 93
76 75 92
73 73 85
69 71 73
70 72 74
74 72 77
74 72 77
72 71 73
72 72 72
73 73 73
74 74 74
74 69 75
74 69 75
74 69 75
74 69 75
74 69 75
77 72 78
72 72 79
69 69 76
70 69 79
70 69 79
72 71 81
73 71 85
74 71 78
73 71 83
73 71 83
75 73 85
75 72 89
76 73 90
74 71 93
75 71 95
76 72 96
74 73 98
77 72 101
78 73 102
76 73 103
74 74 107
73 76 108
74 77 109
74 75 112
77 75 113
77 75 113
82 76 116
85 75 118
78 78 119
78 78 119
80 79 123
80 79 123
81 79 125
81 79 125
83 80 129
82 79 128
82 79 128
82 80 126
79 82 127
79 82 127
82 83 127
82 83 127
80 82 123
79 81 122
78 80 121
77 78 117
75 75 108
79 77 105
74 75 98
69 69 81
74 69 75
74 71 72
75 72 71
75 72 71
75 72 71
73 70 71
74 70 73
70 70 82
74 73 98
88 73 108
81 80 124
83 80 129
83 84 136
85 84 141
86 85 142
84 85 137
81 81 136
83 81 127
82 77 119
77 75 108
78 73 102
73 71 90
74 71 72
75 72 71
75 72 71
73 71 67
71 73 66
73 73 57
73 71 67
75 72 71
75 72 71
74 71 72
74 70 73
74 70 73
75 75 82
73 72 82
74 73 90
74 75 93
78 78 99
74 75 98
74 76 104
68 76 100
70 76 100
70 76 100
70 76 100
72 75 100
75 78 103
77 78 103
77 78 103
77 78 103
73 74 92
76 73 95
82 77 91
82 77 89
80 75 87
79 75 85
76 72 82
75 72 79
75 73 78
74 72 77
72 71 73
75 71 67
75 70 71
75 71 67
73 71 62
73 70 64
73 74 56
74 75 64
74 75 64
76 74 65
77 75 66
76 71 70
75 70 69
73 70 69
73 73 57
73 71 67
73 70 71
75 72 71
75 72 71
72 69 76
73 72 82
74 73 90
74 75 93
75 75 96
72 73 96
71 72 95
75 77 105
75 76 106
75 75 108
76 75 110
77 76 111
79 76 111
80 77 112
80 77 112
79 77 115
79 77 115
79 80 110
78 79 109
77 78 108
76 77 107
76 78 106
78 79 104
78 79 104
80 79 102
78 77 100
78 78 99
78 78 99
76 76 97
78 78 99
78 79 102
80 83 108
78 81 118
84 87 110
98 98 89
98 104 58
101 101 45
108 105 46
104 103 49
104 103 42
105 104 43
104 105 46
105 104 43
101 106 42
97 102 38
97 103 43
97 103 43
98 104 42
98 104 42
101 105 43
103 106 49
100 103 46
100 102 47
100 103 51
100 103 51
101 103 53
98 109 85
93 94 138
93 92 141
93 92 141
88 88 143
87 86 143
87 87 142
88 88 143
87 87 142
87 87 142
87 89 137
87 89 139
85 87 137
84 84 139
84 84 139
84 86 136
83 85 135
83 85 133
83 85 133
81 83 131
81 83 131
82 80 133
81 79 132
83 80 129
83 81 127
83 82 126
82 81 125
82 83 122
80 81 120
78 79 116
77 78 117
80 76 114
79 75 113
81 79 112
80 76 109
77 75 108
76 76 109
70 74 103
74 75 100
74 75 100
73 70 92
73 73 87
75 73 85
78 74 84
76 73 80
76 71 77
74 70 73
76 71 72
76 71 70
76 71 70
76 72 68
75 71 67
75 71 67
75 72 66
75 72 66
75 73 64
75 73 64
69 71 73
75 72 66
75 72 66
75 72 66
75 71 67
75 71 67
74 71 70
74 71 72
74 71 72
74 70 73
74 71 78
74 71 78
75 73 85
76 73 90
74 71 93
75 74 99
78 73 102
78 73 102
76 74 102
75 73 101
71 73 101
71 72 97
71 72 97
71 72 95
73 73 94
75 73 92
72 70 82
72 70 75
72 70 75
75 70 76
72 71 81
68 68 80
70 70 82
69 69 81
69 69 81
70 70 82
70 70 82
73 72 82
75 72 79
74 70 73
74 71 72
74 71 72
74 70 73
73 70 71
71 68 69
71 68 69
73 70 69
74 71 70
73 67 70
73 72 61
73 73 57
75 75 59
75 75 59
75 77 56
75 78 53
84 78 61
87 85 49
88 86 50
84 90 44
84 90 44
84 91 40
84 91 40
88 89 44
87 88 43
83 80 53
75 78 53
75 78 53
75 75 59
75 75 59
75 74 61
75 75 59
73 73 57
73 70 64
73 68 69
73 67 70
74 71 70
71 68 69
73 70 71
74 70 73
75 71 74
73 70 77
72 71 81
76 74 93
76 75 98
74 75 100
74 76 104
76 77 107
75 75 108
77 76 111
77 76 111
78 77 112
78 76 114
79 77 115
79 77 117
79 77 117
81 77 115
81 77 115
82 79 114
82 81 116
81 82 121
82 83 122
83 82 126
83 82 126
83 82 126
84 84 125
85 83 129
83 85 135
86 88 138
85 87 135
85 87 137
84 86 136
84 87 132
83 86 131
84 87 132
84 87 132
84 87 132
84 88 131
84 88 131
86 88 136
86 88 138
81 81 136
80 80 135
83 83 138
86 86 141
87 88 140
91 92 144
91 92 144
90 91 143
86 85 142
85 86 138
82 84 139
81 83 138
81 83 133
80 83 128
80 83 128
82 81 125
84 84 125
81 81 122
80 80 121
80 81 118
78 79 116
78 79 116
78 79 116
78 79 116
77 80 112
77 80 112
77 80 112
79 77 110
79 77 110
83 76 110
85 77 108
88 77 108
88 77 108
76 78 106
77 79 107
78 81 106
79 82 105
80 82 103
77 80 98
76 78 94
77 77 91
76 76 90
75 76 86
75 77 79
78 77 79
79 78 80
81 76 82
77 74 75
79 77 68
79 76 70
79 74 75
76 71 72
73 75 68
73 75 68
73 75 68
73 76 66
75 71 67
75 71 67
75 72 66
75 72 66
75 72 66
75 73 64
69 71 73
69 71 73
74 72 68
74 72 68
74 72 68
74 74 65
78 74 64
75 72 66
75 71 67
75 72 66
75 72 66
75 72 66
76 74 65
75 73 64
75 73 64
73 71 62
73 71 62
73 71 62
73 70 64
71 70 64
71 69 65
73 71 67
73 72 66
77 72 64
75 70 62
75 73 56
75 78 55
73 71 67
74 71 70
73 70 69
73 70 69
70 67 68
74 70 73
74 71 72
74 70 73
72 75 75
70 71 76
74 75 85
77 77 91
75 76 94
75 74 97
70 77 104
73 78 110
73 78 110
72 76 110
73 77 111
74 78 112
75 79 113
76 79 116
76 79 116
76 78 119
78 80 121
78 80 121
79 82 121
81 82 121
79 81 122
79 81 122
80 82 123
80 82 123
80 82 123
79 81 122
79 81 122
79 81 122
79 83 126
79 80 124
82 81 125
82 81 125
82 81 125
82 79 128
82 79 128
83 80 129
82 80 133
82 80 133
81 83 133
83 84 136
83 84 136
86 86 141
92 92 147
88 88 143
88 88 143
90 90 145
90 90 145
91 91 146
87 89 137
89 89 135
89 89 135
93 90 132
89 84 140
88 83 139
85 87 142
83 85 140
86 90 133
85 89 132
86 87 131
84 86 136
77 81 136
79 83 131
79 84 124
79 83 126
81 80 124
82 79 114
81 77 117
80 78 111
77 76 106
79 78 103
78 74 100
82 76 93
80 75 89
79 74 86
76 71 83
75 72 79
74 71 78
74 72 77
73 71 76
73 71 76
72 70 75
72 70 75
73 72 74
72 71 73
75 71 67
75 73 64
75 73 64
75 70 71
75 72 66
75 72 66
73 70 64
73 70 64
73 69 65
71 72 61
73 74 63
75 70 69
75 72 66
75 70 71
75 70 69
75 73 64
75 73 64
73 70 64
73 74 56
73 74 56
73 74 56
75 67 67
75 67 67
75 69 64
71 71 62
73 72 66
73 72 66
71 70 64
71 71 62
73 71 62
73 71 62
73 71 62
75 73 64
76 74 65
73 72 66
74 73 67
74 73 67
74 72 68
74 72 68
74 72 68
75 72 66
75 72 66
75 72 66
75 72 66
75 71 67
75 71 67
75 71 67
75 71 67
75 71 67
75 71 67
75 71 67
71 74 64
72 75 65
72 75 65
73 76 66
73 75 68
73 75 68
73 73 71
73 73 73
73 73 73
74 70 73
75 70 76
74 71 78
76 72 82
76 74 86
75 73 85
75 73 85
73 70 92
78 75 97
76 74 102
76 74 102
72 74 102
72 74 102
74 73 103
74 73 103
70 74 103
72 76 105
74 75 105
74 75 105
78 75 105
87 89 139
87 89 139
87 89 137
94 92 120
88 91 143
86 88 138
96 100 150
92 96 146
86 88 138
89 89 135
91 89 135
92 89 131
93 92 127
84 87 139
83 87 135
82 86 134
83 84 136
83 80 129
84 80 125
84 81 123
79 82 121
80 81 120
77 78 117
79 77 115
77 76 111
80 76 109
82 76 107
81 75 106
82 75 104
80 76 100
78 74 98
77 73 97
74 74 95
74 73 90
75 75 89
75 75 89
76 74 88
75 73 85
72 70 82
71 70 80
71 70 80
73 72 74
72 72 70
72 72 70
74 71 70
75 71 74
74 70 73
75 72 66
73 70 69
73 70 69
73 70 69
73 70 69
73 70 69
73 70 69
73 70 69
73 68 67
73 68 67
73 68 67
73 68 69
73 69 65
73 69 65
71 71 62
71 70 64
71 70 64
71 68 67
71 68 67
71 67 70
71 68 69
71 68 69
73 71 67
73 71 67
73 71 67
73 71 67
73 71 67
73 71 67
73 71 67
73 71 67
74 72 68
75 73 69
73 70 71
73 70 71
73 69 72
73 68 74
72 68 78
73 69 79
74 69 81
74 69 81
75 70 82
71 69 81
74 72 91
75 74 97
74 75 98
76 74 107
75 72 102
75 75 108
76 76 109
76 76 109
76 76 109
76 75 110
77 76 111
76 77 116
76 77 116
73 79 117
73 78 118
73 78 118
78 78 119
82 78 123
82 78 123
82 78 123
81 80 124
81 80 124
81 80 124
79 79 125
78 82 125
83 80 122
83 80 122
76 78 119
76 78 119
75 76 120
77 75 115
78 74 112
77 73 111
76 72 96
75 71 95
76 73 95
77 75 94
76 75 92
72 71 81
74 70 80
75 68 79
73 66 77
73 66 77
71 65 73
71 66 72
73 69 72
73 69 72
73 70 71
75 72 73
75 72 73
75 72 73
75 72 73
75 71 74
75 70 76
75 70 76
73 70 77
75 72 79
72 72 79
75 73 78
77 71 79
69 69 81
73 73 80
73 70 87
73 71 90
74 72 91
76 74 93
76 73 95
74 71 93
74 71 93
74 73 90
71 71 83
70 70 82
72 72 79
76 71 77
68 69 74
71 69 74
73 69 72
71 67 70
73 71 67
71 68 69
73 71 67
74 72 68
74 72 68
74 70 73
74 69 75
72 72 72
73 72 74
73 72 74
75 72 79
72 71 81
71 71 85
73 73 87
76 75 92
75 71 97
75 74 91
78 72 96
77 71 95
77 73 97
76 73 103
70 75 102
80 74 105
80 74 105
78 75 105
76 73 103
78 72 103
76 74 102
70 76 100
78 75 105
74 73 98
74 73 96
72 75 93
73 76 94
73 76 94
73 75 96
71 73 101
75 72 102
79 76 111
78 74 112
77 75 115
80 80 121
82 79 121
83 81 121
83 83 129
83 83 129
82 81 130
80 82 130
81 83 131
79 83 131
79 83 131
81 80 129
81 80 129
80 82 130
79 81 129
80 83 128
81 84 129
85 89 132
89 90 134
90 86 131
87 82 129
84 81 130
85 84 133
83 84 136
83 85 135
83 82 133
83 82 133
83 82 131
83 82 131
82 81 130
81 80 129
81 81 127
83 83 129
80 83 128
79 82 127
80 80 126
80 80 126
79 79 125
78 78 124
78 76 122
80 77 119
78 78 119
82 80 118
80 78 116
77 74 109
81 77 110
80 76 109
80 76 109
76 73 103
76 74 102
76 74 102
76 75 100
76 75 98
76 76 97
76 76 97
75 76 94
74 75 93
77 74 91
77 74 91
78 73 85
76 73 80
76 74 79
75 73 78
74 72 77
73 70 77
76 72 75
76 72 75
74 72 68
74 71 70
74 72 68
74 72 68
74 72 68
73 71 67
73 71 67
73 71 67
73 71 67
73 70 69
73 70 69
73 70 69
73 70 71
73 70 69
73 72 66
71 71 62
71 71 62
71 71 62
73 73 64
73 73 64
73 73 64
73 73 64
73 73 64
73 73 64
73 72 61
73 71 62
73 71 62
73 71 62
73 70 64
75 72 66
75 72 66
75 71 67
75 71 67
73 70 64
75 71 67
75 70 71
71 67 70
73 68 74
71 68 75
71 68 75
71 68 75
68 68 75
74 68 76
75 69 77
75 68 79
72 72 79
73 72 82
73 72 89
74 72 91
74 72 91
72 71 94
74 73 98
75 74 99
80 74 100
80 74 100
80 75 104
80 75 104
79 76 106
78 76 109
77 76 111
78 77 112
78 77 112
78 77 112
79 77 115
78 76 116
79 77 117
80 77 119
83 81 121
82 77 119
82 79 121
82 79 121
80 81 120
76 82 120
76 82 120
75 82 122
80 82 123
80 82 123
78 82 125
79 83 126
78 81 126
78 81 126
81 84 129
84 87 132
89 90 134
85 80 127
84 81 130
83 82 131
85 84 135
85 84 135
83 85 135
83 85 135
83 85 135
83 82 133
83 82 131
82 81 130
81 80 129
81 81 127
82 82 128
79 82 127
78 81 126
79 79 125
79 79 125
76 76 122
80 79 123
78 78 119
80 76 116
84 75 114
82 74 110
82 74 110
77 74 109
76 73 103
78 77 102
76 75 100
76 75 100
74 76 97
73 75 96
75 76 94
74 75 93
74 77 88
74 74 88
76 74 88
76 74 88
73 72 82
73 75 77
73 75 77
71 74 79
72 73 78
71 72 77
71 72 77
73 71 76
70 73 73
74 71 70
74 71 72
74 71 70
74 71 72
73 70 71
73 70 69
73 70 69
73 70 69
73 72 59
73 72 59
73 72 61
73 70 64
73 70 64
73 68 67
73 68 67
73 68 67
73 68 67
73 68 67
73 68 67
73 69 65
73 69 65
74 66 66
74 67 64
74 67 64
74 68 63
74 68 63
75 69 64
75 72 66
75 72 66
73 70 64
73 70 64
73 69 65
75 70 71
75 70 71
73 68 74
73 68 74
71 68 75
71 68 75
71 67 77
71 68 75
68 68 75
68 68 75
74 68 76
75 69 77
75 68 79
75 68 79
76 69 80
71 70 80
73 73 80
80 74 100
80 74 100
83 76 105
81 75 106
82 76 107
82 76 107
80 76 109
78 76 109
79 77 110
77 76 111
77 74 116
77 74 116
78 75 117
79 76 118
79 77 117
80 78 118
81 77 117
82 78 118
84 80 120
81 82 121
83 81 121
84 82 122
87 83 123
87 83 123
84 80 125
82 81 125
83 80 129
83 80 129
81 80 131
83 80 136
83 80 136
83 80 136
83 81 134
86 85 136
83 84 136
83 84 136
84 85 137
87 86 137
87 85 138
86 88 138
85 87 137
83 85 135
81 86 131
81 86 131
83 87 135
84 88 138
85 89 137
86 90 138
88 92 142
88 92 142
88 92 142
88 90 140
88 90 140
88 90 140
88 90 140
90 91 143
90 91 143
90 89 140
89 88 139
87 89 137
87 89 137
84 88 136
84 88 136
86 88 138
86 88 138
86 88 136
85 87 135
87 87 133
87 85 138
85 86 138
84 85 137
84 87 132
81 83 133
80 80 126
81 81 127
84 83 127
83 81 127
83 84 123
79 80 124
81 80 124
81 80 124
81 81 122
81 81 122
81 81 122
83 81 121
80 78 118
77 74 109
79 76 111
79 79 107
78 78 106
80 78 106
81 79 107
80 79 104
83 79 105
82 78 104
81 77 103
80 76 102
75 76 94
73 77 93
74 77 88
74 77 88
75 75 87
75 75 87
79 74 86
79 76 83
78 76 81
78 76 81
78 77 79
82 79 80
80 77 78
77 74 75
77 74 75
78 76 67
79 76 70
78 75 69
78 75 69
78 75 69
78 76 67
78 77 66
79 78 67
80 79 66
82 81 68
82 82 58
82 84 55
84 86 57
84 84 62
85 85 63
90 91 59
89 91 57
87 89 55
81 81 57
81 81 57
81 81 57
78 76 59
80 78 54
79 74 59
79 74 59
77 72 57
76 71 56
77 72 57
76 72 68
76 74 65
76 75 64
76 75 62
72 73 55
72 74 53
73 75 54
76 78 57
76 78 57
76 76 60
76 75 62
76 74 65
76 73 67
75 74 63
75 71 67
75 71 67
75 71 67
75 71 67
75 70 69
80 72 72
80 72 72
80 74 69
79 75 63
78 74 62
82 76 66
82 76 64
81 78 58
78 73 65
78 71 68
78 71 68
78 71 68
79 72 69
80 74 69
83 77 65
83 77 65
82 82 58
83 82 55
80 77 62
73 72 59
77 78 51
75 74 54
74 76 47
75 75 53
77 74 54
79 71 59
79 73 56
75 71 59
76 70 58
77 74 54
77 71 59
77 69 71
75 71 61
75 71 61
77 71 66
77 71 66
77 73 63
78 74 64
78 74 64
75 75 66
73 69 72
71 67 70
69 68 70
69 68 70
75 70 69
71 70 64
73 72 66
73 73 73
73 73 73
74 72 77
76 73 80
76 73 80
76 73 80
78 74 84
76 72 82
72 70 82
73 71 83
73 73 87
76 72 91
77 73 92
80 73 92
77 74 96
78 75 97
80 76 100
79 79 100
78 80 101
85 81 105
85 81 105
84 80 106
84 80 106
86 81 103
83 81 109
81 80 110
80 80 113
80 80 113
78 79 118
82 79 121
80 77 119
79 77 117
79 77 117
82 79 121
82 79 121
82 80 120
82 80 120
86 82 122
86 82 122
81 82 121
81 82 121
82 83 122
85 82 124
87 81 126
82 82 128
78 81 126
77 82 127
81 81 127
81 81 127
79 81 122
76 81 121
76 78 119
80 80 121
77 78 117
75 76 113
75 76 113
75 77 111
78 75 110
76 74 107
76 74 107
74 73 103
77 73 97
76 72 96
74 72 91
74 73 90
73 72 89
73 73 85
71 71 83
71 70 80
74 70 80
75 68 79
71 66 72
73 69 72
74 70 73
73 70 69
73 72 66
73 72 66
71 71 62
71 71 62
71 70 64
70 67 66
71 68 67
71 68 69
71 68 69
73 71 67
73 71 67
75 72 73
75 72 73
75 71 74
73 70 77
72 71 81
70 70 82
70 68 80
75 73 85
76 72 91
77 73 92
77 74 96
82 75 104
78 77 107
76 80 109
76 80 109
72 80 111
74 78 112
74 78 112
79 77 115
80 78 116
78 79 116
78 79 116
74 80 118
74 80 118
78 79 118
77 78 117
78 76 114
76 77 114
73 79 117
80 76 114
80 76 114
71 78 111
77 76 111
76 75 105
78 74 98
75 72 94
74 72 91
73 72 89
71 71 83
71 70 80
74 70 80
75 68 79
73 67 75
71 66 72
73 69 72
73 70 69
73 71 67
71 70 64
73 70 64
75 71 67
75 68 65
77 70 67
78 72 67
77 71 66
73 69 57
72 68 56
74 72 55
77 74 59
77 74 59
77 74 59
77 74 59
77 74 59
77 72 64
79 71 71
79 71 71
78 70 70
78 72 67
78 71 68
79 74 66
79 72 69
79 72 69
80 70 77
81 71 78
77 73 61
77 71 66
75 73 64
73 71 62
73 72 61
72 70 61
73 72 59
73 71 62
73 71 62
73 70 64
73 69 65
73 70 64
73 70 64
75 72 66
73 70 69
73 70 69
73 71 67
73 71 67
73 71 67
73 72 66
73 72 66
73 72 66
73 72 66
73 73 64
73 73 64
73 73 64
78 74 62
77 73 61
78 74 62
77 74 68
77 74 68
78 75 69
77 76 65
77 74 68
77 73 69
77 73 69
77 73 69
78 74 70
78 74 70
76 71 72
80 77 78
78 75 76
78 74 77
77 73 76
77 73 76
78 74 77
78 76 81
79 77 82
74 72 77
75 73 78
76 71 83
76 73 90
74 74 88
73 75 91
74 75 93
75 76 94
74 76 97
76 79 97
78 77 102
79 75 108
73 76 108
73 77 111
77 78 115
78 76 114
78 76 114
76 77 114
77 78 115
74 80 118
74 80 118
71 79 117
77 77 118
76 76 117
77 77 118
78 78 119
78 79 118
78 76 114
77 75 113
78 74 112
78 74 112
78 75 110
77 73 111
77 74 109
76 73 108
76 73 108
79 76 106
79 75 108
80 76 109
79 77 105
76 74 102
74 73 96
75 73 92
77 71 102
74 69 98
71 68 90
71 69 83
75 67 80
74 67 78
68 67 77
73 69 72
71 68 69
73 68 67
73 68 67
75 68 65
73 68 67
76 72 68
76 72 68
76 74 65
76 71 70
76 71 70
76 73 67
75 72 66
75 74 63
75 74 63
75 73 64
75 69 72
75 69 72
75 67 75
75 73 64
75 74 61
75 74 61
75 73 64
75 73 64
75 74 61
78 70 70
75 69 72
75 70 71
75 69 72
71 66 72
73 66 77
75 68 79
72 72 79
75 73 92
75 73 92
76 73 95
76 73 95
74 73 96
73 72 102
73 72 102
74 72 105
76 74 107
76 73 103
76 73 108
77 74 109
75 74 109
75 74 109
76 74 112
76 74 112
77 75 113
77 78 117
76 78 119
78 80 121
76 78 119
77 77 118
80 80 121
83 80 122
83 80 122
81 81 122
81 81 122
81 80 124
81 80 124
80 79 123
80 76 121
80 76 121
79 76 118
79 76 118
78 79 118
78 79 118
78 79 118
76 77 114
75 76 113
69 79 110
69 79 110
78 76 109
77 75 108
76 75 105
77 76 106
71 77 106
71 77 106
78 75 105
76 73 103
78 72 103
78 72 103
79 73 97
76 72 96
76 74 93
76 74 93
72 76 105
76 69 103
76 68 104
77 69 105
71 70 105
71 70 105
71 70 105
71 69 109
74 70 115
75 71 116
74 70 115
70 70 116
71 71 117
71 71 117
70 78 116
67 72 124
68 74 124
70 74 124
70 74 124
69 75 123
75 74 123
71 75 123
72 76 124
70 77 122
72 76 124
72 75 127
72 75 127
74 74 129
76 76 131
79 76 132
77 71 129
77 71 129
78 73 134
78 73 134
77 75 135
77 77 132
77 77 132
77 79 129
76 78 128
73 75 123
76 78 126
76 78 126
77 79 127
79 78 129
80 79 130
78 79 131
79 80 132
78 76 136
78 76 136
76 76 136
77 78 135
76 79 131
78 80 130
77 79 129
76 78 128
76 78 128
78 77 128
84 78 130
83 77 129
77 74 123
77 74 123
74 75 119
74 75 119
73 76 121
75 75 121
71 73 123
72 74 124
71 71 117
71 71 117
72 72 118
72 71 120
72 71 120
72 70 116
75 72 114
74 71 113
76 71 113
74 69 111
74 71 106
74 71 106
72 71 106
69 69 102
69 72 97
73 71 99
73 71 99
70 70 98
70 70 98
73 69 88
73 69 88
71 71 83
70 67 84
75 67 80
75 68 79
71 66 72
73 68 74
69 64 70
69 64 70
69 64 70
69 64 70
68 65 66
68 65 66
70 65 64
70 65 64
70 66 62
70 66 62
68 65 66
68 65 66
68 65 64
68 65 64
67 63 66
67 63 66
67 63 66
67 63 66
70 66 69
70 66 69
70 66 69
72 68 64
70 67 68
70 67 68
70 67 68
68 65 66
68 65 66
67 64 65
67 64 65
67 64 65
67 64 65
67 64 65
67 64 65
67 63 66
67 63 66
67 63 66
67 63 66
67 62 68
67 62 68
68 64 67
69 65 68
67 64 71
68 65 72
69 64 76
68 63 77
71 65 82
63 66 89
65 68 93
71 69 97
71 68 98
71 68 98
72 67 102
72 66 104
73 67 107
74 68 108
74 68 108
75 67 103
76 68 104
77 68 107
77 68 107
67 69 110
68 69 113
70 70 116
69 73 121
69 73 121
70 74 122
68 72 120
68 72 120
70 72 120
70 72 120
70 72 120
70 72 120
68 72 120
67 71 119
72 72 118
71 71 117
72 73 112
70 71 108
70 70 111
70 70 111
70 72 113
63 71 107
65 72 105
65 72 105
69 68 103
71 69 102
70 68 101
65 65 98
65 66 96
67 67 95
62 65 90
62 65 90
67 62 91
69 66 88
68 65 82
64 63 73
63 62 72
68 66 71
66 65 67
64 63 65
65 64 66
64 63 65
66 63 64
64 61 62
67 64 63
67 64 63
67 63 66
67 63 66
67 63 66
68 64 67
68 64 67
68 65 64
68 65 64
68 65 64
68 65 64
68 65 66
68 64 67
69 63 71
67 64 71
66 63 70
71 67 77
73 68 82
70 68 87
70 68 87
73 68 90
74 70 96
73 69 95
70 69 99
70 69 99
73 70 100
73 70 100
72 70 103
72 70 103
67 69 103
67 69 103
72 70 110
70 70 111
70 70 111
71 66 113
72 67 114
72 69 118
72 70 116
71 72 116
68 74 117
68 74 117
68 73 118
67 72 117
67 72 117
67 72 117
65 71 119
69 73 123
71 73 121
73 72 121
75 72 121
75 72 121
71 77 120
71 77 120
73 77 120
73 77 120
73 77 120
73 77 120
70 75 120
70 75 120
67 74 119
67 74 119
68 73 118
68 73 118
68 72 120
69 73 121
68 71 116
69 72 117
68 71 116
68 68 114
74 67 114
73 66 113
73 66 113
70 67 109
73 68 110
74 68 108
72 68 108
71 67 107
71 67 105
71 67 105
76 68 104
75 67 103
75 68 102
74 67 101
71 68 98
71 68 98
71 68 98
69 67 95
68 66 94
68 67 90
73 70 92
73 69 88
73 69 88
75 69 86
75 70 84
74 69 81
74 69 81
75 69 77
75 69 77
74 70 73
73 69 72
73 69 72
71 68 69
71 68 69
70 67 68
70 66 69
69 64 70
68 63 69
68 63 69
69 64 70
68 65 72
69 67 72
66 67 72
64 65 75
66 66 78
68 68 75
68 67 77
73 69 72
67 65 70
75 67 80
72 66 83
70 68 82
69 67 81
68 66 78
72 67 81
72 67 81
72 66 83
66 65 90
66 65 90
60 66 88
61 67 89
65 67 95
67 69 97
68 69 99
68 69 99
67 68 98
69 67 100
67 66 101
68 67 102
71 67 105
71 67 105
70 66 104
70 66 104
69 67 105
71 67 105
71 68 103
71 68 103
70 67 102
71 68 98
67 70 93
67 70 93
73 68 90
69 64 86
72 67 79
68 66 78
68 68 75
63 63 70
69 67 72
71 70 72
69 68 70
67 63 66
67 63 66
67 63 66
68 64 67
68 65 66
68 65 64
68 65 64
68 66 62
68 66 62
68 66 62
68 67 61
68 67 61
71 64 70
71 64 70
71 68 62
71 68 62
71 67 63
70 65 66
70 64 67
71 66 65
71 66 65
71 66 67
71 66 67
67 64 65
69 67 58
69 67 58
69 68 55
71 68 53
71 65 60
69 65 61
69 65 61
69 65 61
67 66 60
67 66 60
67 65 61
68 64 60
68 66 62
68 66 62
68 65 64
68 65 64
68 65 64
68 65 64
69 66 67
68 65 66
68 65 66
68 64 67
68 64 67
68 64 67
68 64 67
66 62 65
67 63 66
70 64 67
70 64 67
70 64 67
70 63 69
68 63 69
70 66 69
70 65 71
71 66 72
74 68 76
75 69 77
73 68 80
74 69 83
73 69 93
72 71 96
74 69 98
75 69 100
73 69 102
73 69 107
72 68 106
77 73 113
78 71 113
78 72 117
78 72 117
76 72 117
76 72 117
74 73 117
74 73 117
72 74 115
72 74 115
74 73 117
73 74 118
75 72 121
72 71 122
74 73 124
73 72 123
70 74 124
71 75 125
69 76 121
70 77 122
72 80 123
72 78 126
68 77 124
68 77 124
69 75 123
72 71 122
72 71 120
70 73 118
73 74 113
72 73 110
70 71 110
72 73 112
73 67 105
73 69 107
71 66 101
69 64 99
73 68 97
71 67 93
69 65 89
69 66 88
75 72 89
71 68 85
70 70 84
68 68 82
69 65 75
69 67 72
68 66 71
61 61 73
66 66 78
68 68 80
68 68 80
70 67 84
71 68 90
68 65 87
69 66 88
73 68 97
74 69 98
67 66 101
68 67 102
69 69 102
67 66 101
70 68 101
71 68 103
74 67 109
75 68 110
73 67 105
75 69 109
75 69 109
75 69 109
75 69 109
67 69 110
75 69 109
72 68 108
74 70 110
74 68 108
69 67 107
69 64 99
73 68 97
70 66 90
69 71 87
72 67 81
71 64 75
65 66 71
67 65 70
65 67 69
67 64 63
67 64 63
68 64 67
68 64 67
69 65 68
69 65 68
70 66 69
68 64 67
68 64 67
68 64 67
68 64 67
68 65 64
68 65 64
68 65 64
70 64 67
70 64 67
68 65 64
68 65 64
68 65 64
70 67 68
69 66 67
68 65 66
66 62 65
66 61 67
64 60 63
66 64 69
64 64 64
64 64 64
67 64 65
67 64 65
67 67 67
69 69 69
66 65 75
61 62 72
62 63 73
69 64 76
71 66 78
71 66 78
70 67 84
67 66 83
65 65 86
66 66 87
66 66 87
69 65 91
70 66 92
69 66 96
69 66 96
71 69 97
69 69 97
69 68 98
67 66 96
67 66 96
69 68 98
69 68 98
69 68 98
69 68 98
71 68 98
72 70 98
72 70 98
71 70 95
69 68 93
68 67 90
73 70 92
75 72 94
74 70 94
72 68 87
74 68 85
75 70 84
75 70 84
74 69 81
75 69 77
75 69 77
75 71 74
73 70 71
71 68 69
70 67 68
70 67 66
68 65 66
70 65 66
69 64 65
69 65 61
70 65 64
71 65 68
70 65 66
72 69 63
73 68 60
74 69 61
75 70 62
74 69 61
81 75 63
76 69 61
75 68 60
75 68 60
74 73 122
69 75 123
72 78 126
70 79 126
72 80 123
69 76 121
77 74 125
77 74 125
79 72 126
79 72 126
76 72 125
77 73 126
77 73 126
76 72 125
73 72 121
70 75 115
71 72 116
73 71 117
73 72 116
76 72 117
78 71 113
77 73 113
76 72 112
74 70 108
74 68 106
77 69 105
75 67 103
75 72 102
77 72 101
74 70 94
74 70 94
76 70 94
76 70 94
77 71 97
77 71 97
74 70 94
75 70 92
73 68 90
71 67 86
75 70 84
75 70 84
75 70 82
75 70 82
73 69 79
75 68 79
75 69 77
74 69 75
74 70 73
73 69 72
71 68 69
70 67 66
70 67 68
70 67 68
70 67 68
69 64 70
68 63 69
69 65 68
69 65 68
70 67 66
70 67 68
74 70 73
74 70 73
74 71 72
75 72 73
74 69 75
78 71 77
74 67 78
71 65 73
75 69 77
72 68 78
73 72 82
73 72 82
75 74 84
72 70 82
71 69 81
70 70 84
70 70 84
73 72 89
73 72 89
72 74 90
74 76 92
77 72 94
76 71 93
74 70 96
76 72 98
77 72 101
77 69 105
77 73 99
78 74 100
76 73 103
76 73 103
78 75 105
79 73 113
79 73 113
79 73 111
77 72 114
77 72 114
75 73 113
74 73 117
72 74 115
72 74 115
72 74 115
70 75 115
75 72 121
72 71 120
74 73 122
79 72 126
77 74 125
80 73 127
80 77 128
76 78 126
74 76 124
72 76 124
72 76 124
75 73 126
74 70 128
76 74 134
77 75 135
77 77 132
77 77 132
77 79 129
77 79 129
74 78 128
76 80 130
76 79 131
76 79 131
78 79 131
79 80 132
79 79 134
80 80 135
78 76 136
78 76 136
78 77 134
77 76 133
76 76 131
77 77 132
78 79 131
79 80 132
78 80 130
76 78 128
76 78 128
76 75 126
80 77 126
78 75 124
78 75 124
77 74 123
76 74 120
77 75 121
75 75 121
73 76 121
66 72 120
66 72 120
67 71 119
71 71 117
71 71 117
71 71 117
72 71 115
73 72 116
72 71 115
72 68 113
72 70 110
74 70 108
72 70 110
72 70 110
69 68 103
69 69 102
73 70 100
73 70 100
73 71 99
70 70 98
70 70 98
71 71 99
76 70 94
75 69 93
71 72 90
67 69 85
65 67 83
68 67 84
70 69 86
71 64 83
71 66 80
71 66 80
74 69 75
75 70 76
76 72 75
76 72 75
69 62 73
69 62 73
70 61 72
70 61 72
70 64 67
70 66 62
71 63 71
71 63 71
71 67 63
71 67 63
71 66 65
71 66 65
71 67 63
71 67 63
71 68 62
71 68 62
71 68 62
71 71 55
69 71 55
71 67 63
71 67 63
75 69 57
75 70 55
74 69 54
74 69 54
73 69 52
74 70 53
74 70 53
72 68 56
75 68 60
76 68 63
76 68 63
76 68 63
74 68 63
74 68 63
75 66 63
75 66 63
72 68 56
72 68 56
71 67 55
71 70 59
71 68 62
71 68 62
71 68 62
71 68 62
71 68 62
71 68 62
71 67 63
71 67 63
71 69 60
71 69 60
71 69 60
71 70 59
71 70 59
71 70 59
70 72 51
70 72 51
70 71 53
70 68 59
70 68 59
70 66 62
70 67 61
70 66 62
70 66 62
68 65 64
69 66 65
71 66 65
70 65 64
76 71 70
73 68 67
71 63 63
72 64 64
71 65 60
69 67 58
69 67 58
70 69 58
68 69 58
68 67 61
68 67 61
67 64 65
71 67 63
69 67 63
69 67 63
69 67 63
69 66 65
69 66 65
69 66 65
68 67 56
71 70 59
69 67 63
68 65 64
68 65 64
67 64 65
67 64 65
69 64 63
70 65 64
71 66 65
70 65 64
70 65 64
69 63 66
69 63 66
70 65 66
70 65 66
70 65 66
72 67 66
70 67 66
70 67 66
71 68 69
73 70 71
74 71 72
71 70 64
73 71 67
75 72 73
75 70 76
73 66 77
73 66 77
69 65 75
73 69 79
70 68 82
71 69 83
71 71 85
69 69 83
71 71 85
68 70 86
69 71 87
69 72 90
70 72 93
70 72 93
72 75 98
74 70 94
74 69 98
75 67 103
77 69 105
78 72 110
77 73 113
77 73 113
74 72 112
74 72 112
74 73 117
75 72 121
74 75 132
75 79 129
80 79 130
75 76 133
76 75 132
76 72 130
63 74 121
63 74 121
69 73 121
65 72 117
69 73 116
69 73 116
67 72 117
65 72 117
69 73 116
70 74 117
70 74 117
69 74 114
68 73 113
70 70 111
70 70 111
73 69 107
73 69 107
72 68 106
72 68 106
73 69 107
73 69 107
72 68 106
71 70 100
71 70 100
73 69 102
72 69 104
71 68 103
71 68 103
72 69 104
72 69 104
72 70 103
73 71 99
73 71 99
72 70 98
72 70 98
73 71 99
69 72 97
75 71 104
72 70 108
72 70 108
74 70 115
76 73 115
77 74 116
75 72 114
75 72 114
74 73 117
76 75 119
77 78 115
82 81 104
83 82 105
83 83 95
87 87 87
86 86 86
85 92 80
85 92 80
93 94 62
93 94 62
93 99 46
92 98 45
93 94 62
90 94 66
91 90 79
90 89 78
87 86 80
88 87 81
88 86 91
85 83 97
84 82 96
79 78 101
79 78 101
77 79 100
74 76 97
73 73 101
74 75 93
73 75 91
73 72 89
75 75 89
77 77 91
74 73 90
70 69 86
69 68 85
72 70 84
72 70 84
72 70 84
72 70 84
73 72 74
71 70 72
71 71 71
69 69 69
68 68 68
69 66 67
68 65 66
70 67 68
71 68 69
72 67 68
71 66 65
71 66 65
71 68 62
72 69 63
68 63 69
71 68 62
72 69 63
71 70 57
71 70 57
74 73 53
75 74 54
80 78 56
79 77 55
81 81 47
74 73 53
72 71 51
72 71 51
70 68 59
73 73 51
71 72 54
71 72 54
71 72 54
71 71 55
71 68 62
71 68 62
70 66 62
70 65 64
70 65 64
70 65 66
70 65 66
70 64 67
68 66 62
68 66 62
68 66 62
68 66 62
68 66 62
68 65 64
68 65 64
68 65 64
68 65 64
68 65 64
68 65 64
68 65 64
68 65 64
68 65 64
68 65 64
68 64 67
68 64 67
68 64 67
68 64 67
70 64 67
70 65 64
70 65 64
70 65 64
69 66 67
69 66 67
68 65 66
68 65 66
69 66 67
69 65 68
69 65 68
69 65 68
69 65 68
67 62 68
67 62 68
63 65 67
60 62 69
57 59 66
60 61 71
61 64 69
62 65 70
62 65 70
64 65 70
64 65 70
71 68 75
71 68 75
71 64 75
73 66 77
71 66 78
71 66 78
66 64 83
68 66 85
66 68 89
69 65 91
68 64 97
70 68 101
70 69 104
71 66 101
74 70 108
70 69 104
70 71 110
67 69 110
67 69 110
68 70 111
68 70 111
70 71 110
69 70 109
70 71 110
70 71 110
70 70 111
70 72 113
63 71 107
63 71 107
64 72 108
66 70 113
67 69 110
67 70 109
67 70 109
67 70 109
68 71 110
68 71 110
72 68 106
72 68 106
72 68 106
70 67 102
70 67 102
71 67 100
69 65 98
67 69 97
68 70 98
69 63 89
68 63 92
71 66 88
67 64 86
67 66 83
68 67 84
68 67 84
67 66 83
66 64 83
73 68 82
70 67 89
67 65 93
66 66 87
69 71 87
71 66 88
67 64 86
70 66 90
67 66 89
68 67 90
68 67 92
68 67 92
70 66 92
67 66 91
64 65 90
65 68 93
64 67 90
64 67 90
66 67 92
73 67 84
72 67 79
72 68 78
73 69 79
72 68 78
75 68 79
74 67 78
74 67 78
71 65 73
72 68 78
72 68 78
73 67 84
73 67 84
69 69 97
69 69 97
67 66 96
69 68 98
71 68 103
74 68 108
73 68 110
76 70 115
69 70 109
70 71 110
70 71 110
72 70 108
71 69 107
72 70 108
70 71 110
70 71 110
68 71 110
70 73 112
72 73 110
70 71 108
72 73 110
72 73 112
69 69 110
70 68 106
70 68 106
72 69 104
72 69 104
71 69 102
70 68 101
70 70 98
69 70 95
69 69 97
69 69 97
69 67 100
69 67 100
71 68 98
71 68 98
71 68 98
71 68 98
71 68 98
71 67 100
71 67 100
72 68 101
70 69 104
68 68 101
68 67 102
71 68 103
73 67 105
75 69 107
73 69 109
74 70 110
74 70 110
72 67 109
69 67 107
73 69 107
68 63 98
71 67 100
71 67 100
71 67 100
73 68 97
69 65 91
68 65 87
68 67 84
64 64 76
60 60 72
60 60 72
65 64 74
63 66 71
62 64 66
61 63 65
66 61 67
66 61 67
68 64 67
68 65 66
68 65 66
68 65 64
68 65 64
68 65 64
68 63 69
62 65 65
61 64 64
57 64 65
57 64 65
66 64 69
66 64 69
66 64 69
66 66 66
66 66 66
63 65 67
67 63 66
67 63 66
67 64 65
68 65 66
68 65 66
66 63 62
66 63 62
66 63 62
66 63 62
67 64 63
67 64 63
67 64 63
67 64 63
67 64 63
67 64 63
67 64 63
68 65 66
68 65 66
68 65 66
68 65 64
68 64 67
68 64 67
68 65 64
68 65 64
68 65 64
71 64 70
71 64 70
71 64 70
71 65 68
71 68 62
71 68 62
71 67 63
71 67 63
70 66 62
70 66 62
70 66 62
70 66 62
70 65 64
70 65 64
70 65 64
70 65 64
68 68 59
68 68 59
68 69 56
68 69 56
68 69 56
68 69 56
68 68 59
68 68 59
68 67 61
68 67 61
67 65 61
68 66 62
68 66 62
68 66 62
68 66 62
68 66 62
68 65 64
67 64 63
66 63 62
67 64 63
68 65 66
68 65 66
69 66 67
68 63 69
62 64 66
63 65 67
63 66 71
64 67 72
69 69 76
62 63 73
65 63 75
68 66 78
66 65 82
69 66 88
68 65 87
69 65 91
71 67 93
73 69 95
71 68 98
71 68 98
72 68 101
70 67 102
69 66 101
70 67 102
71 66 101
72 67 102
71 70 105
70 68 108
71 69 109
68 70 111
68 70 111
69 70 109
70 71 108
72 73 112
73 74 113
70 71 115
71 72 116
69 73 116
69 73 116
69 73 116
69 73 116
69 73 116
69 73 116
71 72 116
71 72 116
68 73 113
68 73 113
66 71 111
65 71 109
65 71 109
65 71 109
68 69 113
66 71 103
66 71 103
72 70 103
72 70 103
80 76 114
75 75 116
74 74 115
76 76 117
75 71 116
74 70 115
77 73 118
77 74 116
77 73 118
79 75 120
78 75 126
78 73 129
80 75 131
80 75 131
80 72 129
80 75 122
80 75 122
80 75 122
80 78 124
78 78 124
78 82 130
72 78 126
73 79 127
71 80 127
70 81 128
68 83 126
69 84 127
69 85 126
70 86 127
70 85 128
79 83 133
78 82 132
76 75 126
73 74 126
72 73 125
69 73 128
75 72 123
75 72 121
78 75 124
79 74 121
75 70 117
72 68 113
72 69 111
62 69 109
63 68 108
70 66 106
65 68 105
67 65 103
59 66 99
65 66 96
67 69 90
69 68 93
69 68 93
70 66 92
70 68 87
69 67 86
67 70 83
65 68 81
65 68 81
64 67 80
66 66 78
63 63 75
65 65 72
64 64 71
68 63 69
66 62 65
66 62 65
68 65 66
68 65 66
67 64 65
67 64 63
67 64 63
67 65 61
69 65 61
66 62 58
66 64 55
66 63 57
66 63 57
69 65 61
69 65 61
69 66 60
69 66 60
69 64 63
66 64 60
66 63 62
66 63 62
66 63 64
67 63 66
67 62 68
68 65 72
66 65 75
67 67 81
66 68 84
69 67 86
66 66 94
67 67 95
71 66 95
74 68 99
70 68 101
71 68 103
64 73 101
66 71 103
68 71 108
70 72 113
68 71 116
66 69 114
68 71 116
69 71 119
70 74 117
71 75 118
74 69 116
77 72 119
77 74 125
80 77 128
80 73 127
82 78 116
85 80 122
86 89 89
87 90 90
84 83 108
78 79 123
82 77 124
79 71 128
76 69 130
74 71 120
73 70 119
73 71 117
72 71 115
72 70 110
68 69 106
64 71 104
61 70 103
71 69 102
67 68 98
67 67 95
61 69 91
66 68 89
66 65 95
67 67 88
66 69 82
66 69 82
67 67 79
68 68 80
67 67 79
64 64 76
64 64 76
69 69 81
67 67 81
66 67 85
67 67 88
66 67 92
64 66 94
69 67 100
60 69 102
67 69 103
68 69 106
70 73 110
66 69 108
68 70 111
71 72 116
71 72 116
72 73 117
72 72 118
72 72 118
72 72 118
72 72 118
72 71 120
72 71 120
74 72 118
74 72 118
75 70 117
73 70 119
71 71 117
70 70 116
68 70 118
65 69 112
66 68 109
67 69 110
68 69 113
66 71 111
65 70 110
65 71 107
63 68 108
61 69 105
68 67 102
68 67 102
71 70 100
70 69 99
74 68 99
73 71 99
73 71 99
67 68 91
69 68 93
69 68 93
66 65 88
67 64 86
66 66 87
67 71 80
60 65 76
63 69 78
62 68 77
61 66 72
66 69 74
68 66 71
68 62 70
68 64 67
67 65 61
67 65 61
67 65 61
67 65 61
68 66 62
68 66 62
68 66 62
67 65 61
67 65 61
66 64 60
66 64 60
70 65 64
69 64 63
70 65 64
70 65 64
72 64 64
72 66 61
72 64 64
72 65 62
72 65 62
69 65 61
71 70 57
70 69 56
69 64 65
69 69 53
69 68 55
69 67 58
69 67 58
69 66 60
69 66 60
69 66 60
69 64 63
69 64 63
69 65 61
70 66 62
71 69 60
69 68 55
66 65 52
69 66 60
69 64 65
67 65 61
67 64 63
66 63 62
66 63 64
67 64 65
67 64 65
67 63 66
67 63 66
67 64 65
67 64 65
67 64 65
67 64 63
67 64 63
67 64 63
67 64 63
67 64 63
67 64 63
67 65 61
67 65 61
67 62 68
67 62 68
68 63 69
67 65 70
67 65 70
64 67 72
64 68 77
62 67 78
63 68 79
64 69 82
67 70 83
67 66 89
66 66 87
66 67 90
69 68 93
71 70 95
74 68 99
73 67 98
71 70 100
69 68 103
70 69 104
61 69 105
64 69 109
66 67 111
67 68 112
70 69 113
70 69 113
72 68 113
72 68 113
77 72 114
75 73 113
71 69 109
72 70 110
72 70 110
74 72 112
75 73 113
77 75 108
76 74 107
76 73 108
74 71 106
76 70 108
76 70 108
69 68 103
73 70 100
71 69 102
73 72 95
73 72 95
71 74 92
73 72 89
70 69 86
70 70 84
71 71 85
70 70 84
73 68 82
72 67 81
70 66 69
69 66 65
72 67 68
71 68 62
72 70 61
74 67 64
73 66 63
73 66 63
73 66 63
73 64 61
69 68 62
68 67 61
72 64 66
72 64 66
70 68 59
70 68 59
73 71 54
73 67 62
77 71 66
75 70 62
77 69 69
75 67 67
73 68 60
73 67 62
74 71 56
74 71 56
73 70 55
72 70 53
73 71 54
73 71 54
72 70 53
69 65 61
70 66 62
71 67 63
71 67 63
69 67 58
69 67 58
69 67 58
69 67 58
69 65 61
69 65 61
66 63 57
66 63 57
68 65 59
68 65 59
68 63 62
69 64 63
69 64 65
70 65 66
71 69 60
71 69 60
69 67 58
69 67 58
69 66 60
69 66 60
69 64 65
69 62 68
69 68 57
69 69 53
69 68 57
69 68 55
71 70 59
71 67 63
71 67 63
70 66 62
69 64 63
69 64 63
68 64 60
69 65 61
67 64 65
67 64 65
67 64 65
67 64 65
67 64 65
67 64 65
67 64 65
69 63 71
71 69 74
67 69 76
66 69 82
65 68 86
65 68 86
65 67 88
65 67 88
67 67 88
67 67 88
69 67 86
71 69 83
66 65 95
66 66 94
66 66 94
66 67 92
66 67 92
67 66 89
67 66 89
66 66 87
67 66 83
67 66 83
66 66 78
68 67 77
68 68 75
65 63 68
65 63 68
68 63 69
66 62 65
66 62 65
68 65 66
67 64 65
67 64 63
67 64 63
67 64 63
67 65 61
67 65 61
69 64 65
66 61 62
69 68 55
66 65 52
73 76 121
73 76 121
72 75 120
73 73 119
73 72 121
76 78 126
76 78 126
77 80 125
77 79 127
78 80 128
83 85 133
81 82 134
80 81 133
79 76 132
79 76 132
78 77 134
78 77 134
79 79 134
78 78 138
78 78 138
76 79 136
76 79 136
76 79 136
76 79 136
74 80 136
83 81 134
81 82 134
80 82 132
80 82 132
77 80 132
79 81 131
82 81 132
85 82 138
85 82 138
85 82 138
83 80 136
86 76 138
85 76 135
85 76 135
86 78 135
84 76 133
85 77 129
85 77 129
84 81 123
84 81 123
86 84 117
83 82 126
86 82 122
79 82 121
79 82 121
76 79 118
73 78 118
74 79 119
74 78 121
76 75 124
75 74 123
76 78 112
75 77 111
75 74 109
74 73 108
74 73 108
76 73 108
74 71 106
75 70 105
75 70 105
75 70 105
75 70 105
72 71 101
71 72 97
71 72 97
75 71 97
74 71 93
74 71 93
73 71 90
73 70 92
73 70 92
72 67 89
71 68 85
70 68 80
72 74 76
71 70 72
68 67 69
67 66 68
68 64 67
75 69 72
76 68 76
76 67 78
67 64 71
66 63 70
68 63 69
69 65 68
69 66 67
69 66 67
69 66 67
68 64 67
68 63 69
69 65 68
69 65 68
68 65 64
67 64 65
69 66 67
70 68 64
69 67 63
68 67 61
68 67 61
67 64 65
69 64 70
69 65 68
69 66 67
69 66 67
69 66 65
69 66 65
69 66 67
69 66 67
68 65 66
68 65 66
68 64 67
68 64 67
68 64 67
70 67 68
70 66 69
69 66 65
70 66 69
68 65 72
68 64 74
69 64 76
73 67 75
69 68 70
67 66 68
69 71 73
69 70 75
65 65 93
66 67 92
66 67 92
67 68 93
67 70 93
64 67 92
67 70 95
67 70 95
69 72 97
69 70 100
70 71 101
70 72 100
71 73 101
67 69 103
68 70 104
70 72 106
74 72 110
74 72 112
74 71 113
75 72 114
78 73 115
78 71 118
78 69 123
78 69 123
78 69 123
76 82 106
76 80 109
77 74 123
71 77 120
72 78 121
72 78 121
72 78 121
75 80 125
75 80 125
75 79 127
74 78 126
76 80 128
75 79 127
77 79 127
78 79 123
73 75 125
74 74 120
76 77 121
76 77 121
75 73 119
73 74 118
73 73 119
72 75 120
74 75 119
72 73 117
71 72 116
72 72 113
72 72 113
74 70 115
74 68 106
74 70 110
74 70 110
72 68 106
73 68 103
73 68 103
69 67 100
69 67 100
71 70 100
71 70 100
61 66 98
61 67 96
63 67 96
63 67 96
74 69 98
73 68 97
75 68 97
70 70 98
70 70 98
71 70 100
76 69 103
76 69 103
77 69 105
78 70 106
72 70 108
81 72 111
81 72 111
78 72 110
79 73 111
74 72 110
76 72 110
77 73 111
79 75 115
79 75 115
80 76 116
76 72 112
76 72 112
76 72 112
76 74 112
75 73 111
78 75 117
79 76 118
78 78 119
78 78 119
80 80 121
80 75 131
74 78 128
76 77 129
76 77 129
74 77 129
74 77 129
74 77 129
74 77 129
74 77 129
74 77 129
74 77 129
79 75 133
77 76 133
77 76 133
77 76 133
78 78 133
78 78 133
81 82 134
79 83 133
79 83 133
77 82 134
77 82 134
75 83 134
74 82 133
79 77 130
79 77 130
77 78 130
77 78 130
76 77 129
76 77 129
76 77 129
76 77 129
77 79 127
79 80 124
75 73 126
78 79 123
78 78 124
74 76 124
76 75 124
70 75 120
68 76 119
68 76 119
70 76 119
73 73 119
74 72 118
74 72 118
76 71 118
73 72 116
73 72 116
77 71 116
76 70 115
74 72 112
73 73 114
73 74 111
68 74 110
65 72 105
65 72 105
67 71 105
70 70 103
70 70 103
69 70 100
69 70 100
68 70 98
73 68 97
71 71 92
75 68 97
76 69 103
78 70 106
69 70 107
79 73 111
74 72 112
75 73 113
71 74 113
71 74 113
67 75 113
68 76 114
70 78 116
70 78 116
74 79 119
72 77 117
76 75 119
75 74 118
84 71 122
84 71 122
71 74 126
72 75 127
78 76 129
80 75 131
76 74 127
76 74 127
74 74 129
76 76 131
74 77 129
74 77 129
76 77 129
76 77 129
76 77 129
75 73 126
73 73 128
81 78 134
79 76 132
78 79 131
79 80 132
79 76 132
74 75 127
76 74 127
76 75 126
76 80 123
76 80 123
74 77 122
77 76 120
77 76 120
78 77 121
75 75 121
74 74 120
76 75 119
74 73 117
67 75 113
67 75 113
71 74 113
75 73 113
78 72 110
81 72 111
81 72 111
79 73 111
72 74 108
70 72 106
78 71 105
77 70 104
76 69 103
71 70 100
71 70 100
70 70 98
75 69 95
75 69 95
73 69 93
72 73 91
71 70 87
70 69 86
70 70 84
74 69 83
73 68 80
73 68 80
72 69 76
71 68 75
71 66 72
70 65 71
70 66 69
70 66 69
70 66 69
69 66 67
68 65 66
71 66 65
71 66 65
71 70 59
70 69 58
70 72 51
70 72 51
70 71 53
73 72 61
73 72 61
72 68 64
72 68 64
71 67 63
72 68 64
74 68 63
73 67 62
72 66 61
74 68 63
76 66 68
73 70 64
75 72 66
75 73 64
72 71 58
71 70 59
69 65 61
71 67 63
71 67 63
71 68 62
72 69 63
73 70 64
75 72 66
76 73 67
76 73 67
72 70 61
72 70 61
72 69 63
72 69 63
72 68 64
71 67 63
72 68 64
72 68 64
72 69 63
71 68 62
71 69 60
70 68 59
71 67 63
71 71 55
71 71 55
71 70 57
71 70 57
71 70 57
71 70 57
72 71 58
72 71 58
72 71 58
72 71 58
72 71 60
72 71 60
72 71 58
72 71 58
72 72 56
71 69 60
71 69 60
71 70 59
71 69 60
70 68 59
70 67 61
71 68 62
67 64 63
70 67 68
69 68 62
68 67 61
68 67 61
67 67 58
67 67 58
69 67 63
70 68 64
68 65 66
67 64 65
68 65 66
68 65 66
70 65 66
71 66 67
73 70 55
72 67 68
73 68 69
73 66 72
75 66 77
73 67 70
68 64 67
69 68 70
71 70 72
73 75 77
75 77 79
71 69 81
71 69 81
70 68 80
68 68 80
69 69 81
70 70 84
70 70 84
72 69 86
73 70 87
75 70 92
75 70 92
76 71 93
77 73 92
77 73 92
73 72 95
74 72 100
74 72 100
76 69 103
74 70 103
75 71 104
78 72 103
76 73 103
74 71 106
74 71 106
74 73 108
74 73 108
74 73 108
81 76 105
85 75 111
82 73 112
80 75 110
79 74 109
76 77 114
76 77 114
72 78 114
72 78 114
76 75 110
76 75 110
74 74 115
74 73 117
73 73 114
68 71 108
68 71 108
68 72 106
66 73 106
65 70 102
71 68 98
73 67 93
76 70 96
75 69 93
75 69 93
73 67 91
73 67 91
75 69 95
73 67 93
75 66 90
74 65 89
74 67 86
73 66 85
72 67 79
72 67 79
68 68 82
67 67 81
69 67 79
69 67 79
68 67 77
68 65 72
68 65 72
68 63 69
68 65 64
68 65 64
68 65 64
68 67 61
70 66 69
69 65 68
70 67 66
70 67 66
69 67 63
69 67 63
68 65 64
68 65 64
68 65 64
68 65 66
69 66 67
69 66 67
68 66 62
68 66 62
68 66 62
68 67 61
67 65 61
66 63 64
67 64 65
69 63 71
69 65 68
69 66 67
69 66 67
69 66 65
68 68 59
68 68 59
68 69 58
68 69 56
68 69 56
68 71 53
70 68 59
70 68 59
72 68 64
71 67 63
68 66 57
70 66 62
71 67 63
71 66 65
71 66 65
71 68 62
71 68 62
71 65 68
71 65 68
71 66 65
71 66 65
64 62 67
66 64 69
69 67 72
68 63 69
68 63 69
69 62 73
66 64 76
68 66 78
65 68 81
66 67 85
67 67 88
68 68 89
69 68 91
71 70 93
65 67 95
65 67 95
72 68 101
72 68 101
73 69 102
73 69 102
73 68 103
73 68 103
73 68 103
73 68 103
72 67 102
72 67 102
70 69 104
70 69 104
70 69 104
70 69 104
71 67 105
71 67 105
72 69 104
74 68 106
74 68 106
74 65 104
74 65 104
74 68 108
75 69 109
75 69 109
74 71 113
71 68 110
73 68 110
73 68 110
75 67 112
69 69 110
69 69 110
73 67 112
75 66 113
75 66 113
76 67 114
74 67 114
76 69 116
69 73 116
66 73 113
68 75 115
74 74 115
74 74 115
76 72 117
78 74 119
80 75 122
79 74 121
72 74 122
74 72 118
73 73 119
73 72 116
72 72 113
72 72 113
75 72 114
76 73 115
74 72 112
72 72 113
72 72 113
74 65 104
72 67 102
72 67 102
76 67 101
76 67 101
73 66 100
69 68 98
67 66 96
69 69 90
69 67 86
68 66 85
68 68 82
68 68 82
64 64 76
66 67 72
68 68 75
69 68 78
68 67 77
69 64 76
69 64 76
71 63 76
71 63 76
71 66 72
69 64 70
68 65 66
67 64 65
68 65 66
68 65 66
68 65 66
68 65 66
68 65 66
68 65 66
68 65 64
71 65 68
71 65 68
71 65 68
71 65 68
69 67 72
73 66 77
68 66 78
72 67 79
72 67 79
73 70 77
72 69 76
72 67 81
73 68 82
69 66 88
69 68 85
71 70 87
71 70 95
72 71 96
69 68 98
71 68 98
71 68 98
71 68 98
71 68 98
72 68 101
73 69 102
70 69 104
69 68 103
67 68 105
72 68 106
72 68 106
72 69 104
74 68 106
73 67 107
75 69 109
75 69 109
75 69 109
73 68 110
73 68 110
75 68 110
75 68 110
73 68 110
72 67 109
74 68 106
74 68 106
71 67 105
71 67 105
73 72 102
72 71 101
72 73 98
71 72 97
70 69 99
73 70 100
72 69 99
70 68 101
70 69 99
69 68 98
71 67 100
71 67 100
73 70 100
67 64 99
67 64 99
69 66 96
73 67 98
71 65 96
71 65 96
70 65 94
71 66 95
71 66 88
71 66 88
69 67 86
68 66 85
69 68 85
68 67 84
63 63 75
66 66 80
68 68 75
69 68 78
70 68 80
68 66 78
64 62 74
65 64 74
68 65 72
69 66 73
69 63 71
70 65 71
70 65 71
69 64 70
70 65 71
70 65 71
69 64 70
71 66 72
68 65 72
69 64 70
69 65 68
69 65 68
69 65 68
68 64 67
69 67 72
68 66 71
69 67 72
69 67 72
68 66 71
68 66 71
69 64 70
69 64 70
69 63 71
70 64 72
72 68 78
72 68 78
68 68 80
68 68 80
67 69 85
66 68 84
65 67 83
65 67 83
67 66 83
70 68 87
70 68 87
72 68 87
71 67 86
74 67 86
74 67 86
71 67 86
71 67 86
72 66 83
72 66 83
72 67 79
69 64 76
73 69 79
72 68 78
71 66 72
70 65 71
70 65 71
71 66 72
71 66 72
69 64 70
71 66 65
71 66 65
71 66 65
71 65 68
71 65 68
71 68 62
71 68 62
71 66 65
69 65 61
70 66 62
70 68 59
71 69 60
71 67 63
72 68 64
72 70 61
72 70 61
72 70 61
73 71 62
73 71 62
72 67 66
73 68 67
72 67 66
72 67 66
71 69 60
71 69 60
70 69 58
70 69 58
72 69 63
72 69 63
72 69 63
72 69 63
72 69 63
72 69 63
72 69 63
69 67 63
69 67 63
69 67 63
69 68 62
68 67 61
69 63 71
71 68 69
73 70 71
70 67 68
70 67 66
70 67 66
69 67 63
68 66 62
68 67 61
69 67 63
69 67 63
69 66 67
68 65 66
68 65 66
68 65 64
68 65 64
68 66 62
68 66 62
68 65 64
68 65 64
69 65 68
69 63 71
70 64 72
68 64 74
69 65 75
69 64 76
71 66 78
71 66 78
69 65 75
68 65 72
68 65 72
68 65 72
69 65 75
71 67 77
71 64 75
69 65 75
69 66 73
69 66 73
69 65 75
69 65 75
67 64 71
66 63 70
68 64 67
68 65 64
68 66 62
68 66 62
68 65 64
69 67 63
69 68 62
70 68 64
70 68 64
69 64 70
68 63 69
68 63 69
68 66 62
68 65 64
70 67 66
72 68 64
72 68 64
72 68 64
72 68 64
72 68 64
72 70 61
72 70 61
71 67 63
71 68 62
71 68 62
71 69 60
71 69 60
70 68 59
68 65 64
68 65 64
67 66 60
67 67 58
68 68 59
69 67 63
70 68 64
69 66 67
68 65 66
68 65 66
68 65 64
68 64 67
68 64 67
69 66 67
69 66 67
69 66 67
69 66 67
70 67 68
71 68 69
71 68 69
69 67 72
66 65 75
71 68 98
67 72 104
66 73 106
70 76 105
70 75 107
71 76 108
72 72 113
74 73 117
78 73 115
78 73 115
78 73 115
78 69 123
76 82 106
76 80 109
72 78 121
74 78 128
74 78 128
74 78 126
74 78 126
76 78 128
76 77 129
76 77 129
76 78 126
74 76 124
76 77 129
80 79 130
80 79 130
79 78 129
81 78 129
82 81 132
75 80 132
79 80 132
81 82 134
83 81 134
81 82 134
83 79 137
85 82 138
77 76 133
79 82 134
75 78 130
74 75 127
76 73 129
76 73 129
72 73 125
77 75 121
77 76 120
73 74 118
76 74 120
76 75 119
74 73 117
73 72 116
75 71 116
77 73 111
72 73 112
77 73 111
69 70 107
74 69 104
73 69 102
70 70 103
71 70 100
68 70 98
63 69 98
69 69 97
66 67 92
73 68 90
71 68 90
68 68 89
68 68 89
67 68 86
66 69 82
65 68 81
65 68 81
70 68 82
69 67 81
69 66 73
68 65 72
68 64 74
68 64 74
71 63 76
70 63 74
66 66 73
69 67 72
71 69 74
71 68 75
71 68 75
72 67 79
72 67 89
71 66 95
74 68 99
72 66 106
73 67 107
68 70 111
74 70 115
75 69 119
71 73 123
71 73 121
70 74 117
76 76 117
77 73 118
79 72 119
80 66 128
78 73 115
76 75 110
75 74 109
80 75 110
82 73 112
85 75 111
74 73 108
75 74 109
75 74 109
76 73 108
76 71 106
75 70 105
77 69 105
77 69 105
77 69 105
76 70 101
71 72 95
73 72 95
76 71 93
71 69 81
71 70 80
71 70 80
72 75 75
72 75 75
73 73 71
72 72 70
71 71 71
71 71 71
72 72 72
70 66 69
69 65 68
75 69 72
75 69 72
76 67 78
75 66 77
68 64 67
68 64 67
68 63 69
68 64 67
69 65 68
69 65 68
68 64 67
70 67 66
69 77 108
69 77 108
70 75 107
70 75 107
71 76 108
75 77 111
75 77 111
77 78 115
77 78 115
76 77 116
77 78 117
78 79 118
80 81 120
81 81 122
80 80 121
80 82 123
78 83 123
78 83 123
79 83 126
79 83 126
80 82 130
80 82 130
80 83 128
81 83 133
81 83 133
77 79 134
79 81 136
79 83 138
80 84 139
84 84 139
85 85 140
86 86 141
90 87 143
89 86 142
90 86 144
90 86 144
85 84 141
85 84 141
83 86 138
81 87 137
81 87 137
80 85 137
79 84 136
79 84 136
79 84 136
80 84 139
80 83 140
80 83 140
81 84 141
80 83 140
76 80 135
78 80 135
78 80 135
78 80 135
78 80 135
80 81 133
81 82 134
85 83 136
85 84 135
85 84 135
79 83 133
79 83 133
78 82 130
78 82 130
79 81 129
79 81 129
78 81 126
76 79 124
76 79 124
74 77 122
74 76 117
78 76 116
78 76 116
82 78 116
79 75 113
78 76 114
76 74 112
75 74 109
78 75 110
77 74 109
78 73 108
80 74 105
76 75 98
78 77 100
78 75 97
75 76 94
73 77 93
73 77 93
72 76 92
75 75 89
74 74 88
76 75 85
75 73 87
73 71 83
76 72 82
76 72 82
77 71 79
77 69 77
76 68 76
75 70 76
75 71 74
74 70 73
73 70 69
73 69 72
76 71 70
75 70 69
75 72 66
75 72 66
73 70 69
70 67 66
69 68 62
71 69 65
71 69 65
71 69 65
71 71 62
71 72 61
71 72 61
71 68 67
71 68 67
71 68 67
73 70 64
73 70 64
73 70 64
73 70 64
72 72 56
72 70 61
72 69 63
72 68 64
72 70 61
72 69 63
72 70 61
72 70 61
75 70 69
75 72 66
75 72 66
75 72 66
73 70 64
73 69 65
75 69 72
75 73 64
75 73 64
73 71 62
73 72 61
73 72 61
75 70 62
75 70 62
73 68 67
73 68 69
73 69 72
73 69 72
75 71 74
75 71 74
76 72 75
72 73 78
71 72 82
76 76 90
76 75 92
73 72 89
77 76 93
80 79 96
71 74 97
78 76 104
79 77 105
79 78 108
78 79 104
78 80 108
79 81 109
79 81 109
77 81 110
77 80 112
74 80 116
74 80 116
78 81 120
79 82 121
78 81 120
78 84 122
80 81 125
79 82 127
82 81 130
83 82 131
81 85 133
83 88 128
83 88 128
84 90 128
85 91 129
87 90 127
88 91 128
91 93 127
92 94 128
92 90 136
92 90 136
88 90 140
94 93 137
89 92 144
88 91 143
88 91 136
94 93 137
93 92 143
93 89 147
93 89 147
94 89 152
99 92 146
86 88 148
87 89 149
88 92 147
88 92 147
89 94 146
90 94 149
91 95 150
89 92 149
89 92 149
88 92 147
92 93 150
92 94 149
91 93 148
92 95 147
91 91 151
90 90 150
89 89 149
92 90 150
90 88 148
90 88 148
87 87 142
86 86 141
87 90 135
87 90 135
93 91 131
93 91 131
98 93 122
98 93 122
107 99 107
105 97 105
103 98 90
102 97 89
90 91 109
91 92 110
91 96 96
97 100 82
92 89 111
92 89 111
101 94 100
95 88 107
102 95 92
92 88 114
92 88 114
96 96 96
90 89 114
90 89 114
85 90 101
85 83 121
85 83 121
86 86 119
85 85 118
87 88 113
86 87 112
85 82 117
84 82 115
80 79 114
80 79 114
80 79 114
80 79 114
82 83 113
78 83 115
76 79 116
78 79 116
78 79 116
78 77 112
77 76 111
77 76 111
77 77 110
76 76 109
78 77 107
78 78 106
78 78 106
81 77 101
80 76 100
82 78 97
82 78 97
80 78 97
78 78 92
78 80 96
76 78 94
74 77 95
73 76 94
71 74 92
71 74 92
74 77 90
73 76 89
73 74 84
80 74 82
77 77 84
76 76 83
73 75 77
72 74 76
75 74 76
76 73 74
76 73 74
75 71 74
76 72 75
76 73 74
75 72 73
74 71 72
73 75 59
77 74 68
77 74 68
78 76 67
79 76 61
77 80 57
76 79 56
75 77 56
76 77 59
80 77 62
76 75 64
75 73 64
74 72 68
72 69 76
71 68 75
76 72 75
75 71 74
79 78 67
78 77 66
77 76 65
76 74 65
75 71 67
76 74 65
75 72 66
77 75 66
78 74 64
76 75 62
75 74 61
75 72 66
75 72 66
75 72 66
75 72 66
75 72 66
76 73 67
76 73 67
76 73 67
76 73 67
76 73 67
76 73 67
73 68 67
76 71 70
77 73 69
78 74 70
78 74 70
76 74 65
76 75 62
76 75 62
76 78 57
76 78 57
76 79 56
78 75 69
77 74 68
77 75 66
75 73 64
76 79 56
73 77 49
75 76 58
75 76 58
75 70 69
75 70 69
75 72 66
75 74 63
75 70 69
77 72 71
75 74 61
75 75 59
75 72 66
75 73 64
75 73 64
75 75 59
75 74 61
76 75 64
76 73 67
77 74 68
78 74 70
79 73 76
76 71 70
77 72 73
78 73 74
77 74 75
77 74 75
78 73 79
78 75 82
80 74 82
81 74 85
81 74 85
79 75 85
80 76 86
72 77 88
72 76 92
74 78 94
78 78 99
79 79 100
79 80 103
78 81 104
78 81 104
82 81 106
81 80 105
85 80 109
84 81 111
76 85 113
80 85 117
81 86 118
79 87 118
81 86 118
80 86 122
78 87 120
81 84 121
83 86 123
81 86 126
83 83 129
85 85 131
79 84 129
83 88 128
81 85 133
83 84 136
81 84 136
84 84 139
85 86 138
87 88 140
86 86 141
86 87 144
89 90 147
87 92 144
89 94 146
96 102 152
101 107 157
109 111 159
109 111 159
106 109 154
98 101 146
102 102 157
104 108 156
92 95 147
89 90 147
86 87 144
86 87 144
85 85 145
85 85 147
86 86 148
84 86 148
86 87 144
88 89 146
86 87 144
86 87 144
84 88 143
86 89 146
87 90 147
88 91 148
88 91 148
88 91 148
83 85 145
81 84 141
81 84 141
82 84 139
79 81 136
83 83 138
83 83 138
83 85 133
81 83 131
78 80 130
77 79 127
77 80 125
76 77 121
75 78 115
73 76 113
73 76 115
70 76 112
69 77 108
69 78 106
69 78 106
73 77 106
72 76 105
70 76 100
70 76 100
69 76 96
69 76 96
74 74 95
72 71 96
75 71 95
69 69 90
72 72 93
71 72 90
71 72 90
71 72 90
72 73 91
73 70 92
73 70 92
73 71 90
73 72 89
71 70 87
71 70 87
71 72 90
71 72 90
71 73 89
71 73 89
76 73 90
75 72 89
75 72 89
73 70 87
75 73 87
73 75 91
72 74 90
73 77 93
71 77 93
71 77 93
70 76 98
72 77 104
71 76 108
71 76 108
71 76 108
71 76 108
71 76 108
72 77 109
75 77 111
75 77 111
75 78 115
76 79 118
72 79 119
80 76 121
78 74 119
76 77 121
78 80 121
78 80 121
75 81 124
75 81 124
76 80 123
76 77 121
76 77 121
74 78 121
75 81 124
74 80 123
76 77 121
76 77 121
77 81 124
74 78 121
75 76 120
75 76 120
75 76 120
75 76 120
75 76 120
75 76 120
76 77 121
76 77 121
75 78 117
76 79 118
75 78 115
73 76 113
72 75 114
72 75 114
72 75 114
71 75 109
71 76 108
71 76 108
70 74 103
71 73 101
70 73 96
72 71 94
79 74 96
73 69 88
73 70 87
71 68 85
75 70 82
75 67 75
76 69 75
73 69 72
71 68 69
73 70 69
71 68 69
71 68 69
70 66 69
74 69 75
74 70 73
74 70 73
74 71 72
74 71 72
73 70 69
73 71 67
73 72 66
71 68 67
71 68 69
73 67 70
71 67 70
71 67 70
74 69 75
75 71 74
74 70 73
74 71 72
73 70 71
71 68 67
71 69 65
69 70 65
71 72 67
73 68 74
75 69 77
75 69 77
75 68 79
76 68 81
73 77 93
72 78 94
72 78 94
72 78 100
72 77 104
73 78 105
71 76 108
71 76 108
71 76 108
71 76 108
72 77 109
75 77 111
75 77 111
75 78 115
80 76 121
76 77 121
78 79 123
77 81 124
74 80 123
74 79 124
75 81 124
77 81 124
77 81 124
77 81 124
75 80 125
79 82 127
78 81 126
78 81 126
78 81 126
78 81 126
78 80 128
78 80 128
78 80 128
78 80 128
77 79 127
77 79 127
77 79 127
77 79 127
77 79 127
77 79 127
77 79 127
78 80 130
77 79 129
77 79 129
77 79 127
78 80 128
79 81 129
79 81 129
79 81 129
77 81 129
79 83 131
76 80 128
75 80 125
77 81 124
78 79 123
79 80 124
78 79 123
76 78 119
80 77 119
79 76 118
76 77 116
77 75 113
74 75 112
74 75 112
73 75 109
70 73 105
70 73 105
74 74 107
71 73 101
74 73 96
74 73 96
72 73 91
71 72 90
73 71 90
73 71 90
73 72 89
74 73 90
71 71 85
71 71 85
72 70 82
71 69 81
73 68 80
72 67 79
74 67 78
74 67 78
74 67 78
74 67 78
74 67 78
74 68 76
72 68 78
72 68 78
73 69 79
73 69 79
74 70 80
72 68 78
72 68 78
73 69 79
74 67 78
74 67 78
74 69 81
72 70 84
73 71 85
71 70 87
71 70 87
71 69 88
72 72 93
74 74 95
73 72 95
74 73 96
74 73 98
75 72 102
76 73 103
74 72 105
70 69 104
70 69 104
69 70 107
70 71 108
73 74 111
75 76 115
75 76 115
75 77 118
75 77 118
75 76 120
78 78 124
79 79 125
77 80 125
79 82 127
78 80 128
78 80 128
80 82 130
81 83 133
81 83 133
81 83 133
81 83 133
80 82 132
80 82 132
80 82 132
79 81 131
79 81 131
73 79 127
73 79 127
75 79 127
75 80 125
74 80 123
74 81 121
76 81 121
71 76 116
74 77 116
74 77 116
76 77 114
74 76 110
74 76 110
73 77 106
79 76 106
79 77 105
78 76 104
78 76 104
78 76 104
74 75 100
75 74 99
72 73 96
71 72 95
72 73 91
72 73 91
72 75 88
73 76 89
74 73 90
73 72 89
73 71 83
73 71 83
75 71 81
73 69 79
74 69 75
74 69 75
77 71 74
77 71 74
76 70 73
76 70 73
74 71 72
74 71 72
74 71 70
73 71 67
73 69 72
73 70 71
73 70 71
74 70 73
74 70 73
70 66 69
70 68 64
73 72 66
71 68 67
71 69 65
71 69 65
71 71 62
71 69 65
71 70 64
71 71 62
71 72 59
71 72 59
70 69 63
70 69 63
73 72 66
75 72 66
75 71 67
75 71 67
75 71 67
73 69 65
73 69 65
73 69 65
73 69 65
73 69 65
73 68 67
73 68 67
75 70 69
73 70 71
74 71 72
74 71 72
74 71 72
72 70 75
72 70 75
73 70 77
73 69 79
71 69 81
73 73 87
71 72 90
72 72 93
73 72 95
75 74 99
74 74 107
70 73 105
74 76 110
74 75 112
75 76 115
76 76 117
80 77 119
76 78 119
78 79 123
76 81 126
78 83 128
77 83 131
79 85 133
77 83 131
79 85 133
78 87 136
80 87 132
81 86 138
81 86 138
79 84 136
81 85 140
81 85 140
78 86 137
81 85 140
82 83 140
82 83 140
88 87 144
92 90 143
86 85 136
81 85 135
78 82 130
75 80 125
74 79 124
77 81 124
79 80 124
78 79 123
79 81 122
78 80 121
72 79 119
72 79 119
75 78 115
76 78 112
75 77 111
76 76 109
75 75 108
71 76 108
72 78 100
73 71 85
75 71 81
74 67 78
74 68 76
73 68 74
74 71 72
74 71 72
74 71 70
73 70 69
73 70 69
71 69 65
71 68 67
71 68 67
73 69 65
73 69 65
75 71 67
73 69 65
73 69 65
71 70 64
72 72 56
72 72 56
72 71 58
72 71 58
72 70 61
72 68 64
72 68 64
72 67 66
72 68 64
72 68 64
72 68 64
72 68 64
72 69 63
73 70 64
70 69 63
70 69 63
70 69 63
71 71 62
71 73 57
71 73 57
71 73 57
71 72 59
73 76 58
73 76 58
73 75 59
73 75 59
73 70 69
70 67 68
74 70 73
74 70 73
74 70 73
71 68 69
73 69 72
73 69 72
73 70 69
73 70 69
74 71 72
74 70 73
76 70 73
76 70 73
74 70 73
75 71 74
75 70 76
75 69 77
75 69 77
74 71 78
72 71 81
72 71 81
73 71 83
73 71 85
76 75 85
75 74 84
74 76 92
73 75 96
73 75 96
73 75 96
75 74 99
75 74 97
76 75 100
75 74 97
77 73 97
78 74 98
82 76 100
82 76 100
80 76 100
78 76 95
81 79 98
84 82 94
84 82 94
79 80 98
84 83 93
84 83 93
92 91 78
91 90 77
94 97 60
93 96 59
103 105 30
99 101 38
98 100 37
95 98 46
99 100 39
99 100 39
99 98 44
99 98 44
100 100 37
100 100 37
101 100 41
101 100 41
103 100 41
103 100 41
103 100 39
102 99 38
102 101 35
102 101 35
99 99 36
99 99 36
99 102 31
99 103 29
99 103 29
99 103 29
99 103 29
98 102 28
98 102 28
98 100 32
98 100 32
98 99 33
98 99 33
98 101 30
99 101 33
100 102 34
101 103 35
103 105 37
101 101 38
100 100 37
98 102 34
97 101 33
98 100 37
98 100 37
90 97 33
88 95 31
86 93 44
82 83 51
75 77 56
73 76 58
71 74 64
75 72 66
75 72 66
75 71 67
75 71 67
75 71 67
75 71 67
73 71 67
71 69 65
71 69 65
71 69 65
71 68 67
71 68 67
71 68 69
71 68 69
71 67 70
71 67 70
71 68 69
71 68 69
71 68 67
71 68 67
71 71 62
71 72 59
71 72 59
71 72 59
70 69 63
71 69 65
73 71 67
75 71 67
75 71 67
75 71 67
75 71 67
75 71 67
75 71 67
75 71 67
75 72 66
75 71 67
75 71 67
72 67 68
74 71 72
74 69 75
74 67 78
74 67 78
74 70 80
73 71 85
74 73 90
73 72 89
74 70 94
75 71 95
73 72 95
72 71 94
70 72 100
70 72 100
74 73 103
74 73 103
74 74 107
74 74 107
75 75 108
75 74 99
74 74 102
74 74 102
72 73 98
72 73 98
72 71 101
72 71 101
73 70 105
73 70 105
74 71 106
74 71 106
74 72 110
75 73 111
76 74 112
77 75 115
77 75 115
78 75 117
79 76 118
80 76 121
82 78 123
81 80 124
76 75 124
78 77 126
76 78 126
77 79 127
78 80 130
77 80 132
78 78 133
78 78 133
83 78 139
82 77 138
79 77 137
80 78 138
79 77 137
76 76 136
83 81 141
85 83 143
82 82 142
81 81 141
77 79 139
77 79 139
83 81 141
83 81 141
83 81 141
83 81 141
83 81 141
79 79 139
81 81 141
79 79 139
78 78 138
77 77 137
76 76 138
74 74 136
76 74 136
76 74 136
76 74 136
76 74 136
76 74 136
79 74 135
78 73 134
76 71 132
79 75 133
74 75 132
72 73 130
71 73 128
70 72 127
70 72 127
71 70 127
70 69 126
68 70 125
69 71 121
71 73 123
72 72 118
72 72 118
74 73 117
73 72 116
73 73 114
73 73 114
73 73 114
73 73 114
73 74 113
69 70 109
69 70 109
69 70 109
69 70 107
69 70 107
69 70 107
69 70 107
73 67 105
73 68 103
73 68 103
71 69 102
71 69 102
71 70 100
70 69 99
65 67 95
65 67 95
65 67 95
65 67 95
65 68 93
65 68 93
66 65 90
74 69 83
74 67 86
73 66 85
69 63 80
72 65 84
71 66 80
64 65 75
65 64 74
64 63 73
64 63 73
64 63 73
69 68 70
70 66 69
64 66 68
64 65 70
64 65 70
66 63 70
67 64 71
67 64 71
69 64 70
69 64 70
70 65 71
70 65 71
71 66 72
69 65 68
69 65 68
69 65 68
69 65 68
69 65 68
69 65 68
69 65 68
70 66 69
70 66 69
68 64 67
67 63 66
66 62 65
71 67 70
71 67 70
71 67 70
70 65 71
70 65 71
70 65 71
70 65 71
69 67 72
71 69 74
71 69 74
73 70 77
70 68 80
71 69 81
71 68 85
70 67 84
69 66 88
69 67 86
70 67 89
70 67 89
69 68 91
69 69 90
69 69 90
72 73 96
72 73 96
72 73 98
75 74 99
75 72 102
75 72 102
72 70 103
77 75 108
77 75 108
75 74 109
75 77 111
75 77 111
79 75 115
80 75 117
79 75 120
80 76 121
82 78 123
80 77 126
81 78 127
79 78 127
80 79 128
80 79 130
81 80 131
82 80 133
79 79 134
79 79 134
78 79 131
78 79 131
77 81 131
77 81 131
78 82 132
79 83 133
79 80 137
81 82 139
81 82 139
81 82 139
81 83 138
81 83 138
83 82 139
84 82 144
84 82 144
84 82 144
83 81 141
83 81 141
82 82 142
83 83 143
85 83 143
85 83 143
83 83 143
82 82 142
82 82 142
82 82 142
79 81 141
79 81 141
78 78 138
78 78 138
80 78 138
80 78 138
80 78 138
80 78 138
80 78 138
81 81 143
82 82 144
81 81 143
81 81 143
79 79 141
78 78 140
78 78 140
77 77 139
77 77 139
76 76 138
76 76 136
76 76 136
77 75 135
78 77 134
78 77 134
78 77 134
78 79 131
78 75 131
76 75 126
76 75 126
75 74 125
68 74 122
70 76 124
72 70 123
72 71 122
74 73 124
75 73 119
75 73 119
75 73 119
74 72 118
74 72 118
73 72 116
73 72 116
72 71 115
70 69 113
69 69 110
69 70 109
68 69 108
68 69 108
67 68 105
67 68 105
75 66 107
75 66 107
73 67 105
73 67 105
71 68 103
71 68 103
71 69 102
70 68 101
65 66 96
63 68 95
63 68 95
63 68 95
69 68 93
66 65 90
69 64 78
72 68 78
73 69 79
69 66 73
71 68 75
68 66 71
68 64 74
69 64 76
69 64 76
66 61 75
66 61 75
67 65 70
67 65 70
69 62 73
69 62 73
68 61 72
67 65 70
69 64 70
69 64 70
69 64 70
69 65 68
69 65 68
69 65 68
68 64 67
69 65 68
69 66 67
69 66 67
69 66 67
69 66 67
69 66 67
69 66 67
69 66 67
69 65 68
69 65 68
69 65 68
69 65 68
69 65 68
69 65 68
69 65 68
68 64 67
68 64 67
68 64 67
68 64 67
68 64 67
70 67 66
70 67 66
70 67 66
70 67 66
70 67 66
70 67 66
69 67 63
71 69 60
71 69 60
71 69 60
71 67 63
71 67 63
73 69 65
73 69 65
70 64 67
71 66 67
70 69 63
71 70 64
74 72 68
74 70 73
76 71 72
76 71 72
75 70 71
76 71 72
74 71 72
75 72 73
75 71 74
75 71 74
76 72 75
73 71 76
74 72 77
73 71 76
74 72 77
71 71 78
72 72 79
72 71 81
73 72 82
74 78 80
75 78 83
75 78 83
77 77 89
77 76 93
80 77 99
81 78 100
82 78 104
83 79 103
84 80 106
82 79 109
77 80 112
81 77 115
82 78 116
82 80 118
82 80 118
83 81 119
82 81 116
82 81 116
81 80 124
82 81 125
82 80 126
83 81 127
79 82 127
79 82 127
80 80 135
81 81 136
79 80 137
81 79 139
83 81 141
79 83 133
79 80 137
81 82 139
83 82 139
82 82 142
83 83 143
85 83 145
87 85 147
93 91 151
84 94 152
86 98 156
96 98 153
89 94 146
86 91 143
84 86 146
84 86 146
82 88 144
79 87 143
80 88 144
82 87 146
84 89 148
86 88 148
87 89 149
89 93 148
88 90 152
87 89 151
87 89 151
87 89 151
87 89 151
86 88 150
83 85 147
84 86 146
86 88 148
83 86 143
80 83 140
81 81 143
82 82 144
84 84 139
83 83 138
92 78 147
93 79 141
91 82 129
85 79 144
83 77 142
79 83 133
81 85 135
78 82 132
77 81 131
81 78 127
81 76 132
81 78 127
77 78 130
77 78 130
77 79 127
81 77 130
80 76 129
80 76 129
80 73 136
78 71 134
76 75 126
74 73 124
74 73 122
74 73 122
74 75 119
74 74 120
74 74 120
74 73 124
74 73 124
76 73 122
76 73 122
76 74 114
75 73 113
73 73 114
73 73 114
73 73 114
73 73 114
73 74 113
73 74 113
70 71 108
72 70 110
74 70 108
73 69 107
73 69 107
72 68 106
71 67 105
71 68 103
70 67 102
73 69 102
73 69 102
72 69 99
72 69 99
71 69 97
71 69 97
71 67 91
70 66 90
71 71 92
73 75 91
73 75 91
68 70 86
68 68 82
73 68 80
72 67 79
72 68 78
72 70 75
68 67 69
68 68 68
67 66 68
67 65 70
66 65 67
71 63 71
71 64 70
68 67 61
67 64 63
68 64 67
68 65 64
70 68 59
70 66 62
70 65 64
70 65 66
70 65 64
70 65 64
69 64 63
69 64 63
69 64 63
69 64 63
69 64 63
69 64 63
70 65 64
70 65 64
70 65 64
70 65 64
70 65 64
70 65 64
70 65 64
70 65 64
69 67 63
69 67 63
69 67 63
69 65 68
69 65 68
67 66 68
67 66 68
67 66 68
68 64 67
68 64 67
68 64 67
68 64 67
70 67 66
70 67 66
70 66 69
70 67 68
69 66 67
69 66 67
71 67 63
72 68 64
72 67 66
72 67 66
72 66 69
72 66 69
72 66 69
71 65 68
72 67 68
71 65 68
72 67 66
72 67 66
72 68 64
71 67 63
71 67 63
70 68 64
70 68 64
70 68 64
70 68 64
70 68 64
67 64 71
67 64 71
67 65 70
67 65 70
67 65 70
69 65 68
70 65 64
70 65 64
70 65 64
70 65 64
70 65 64
70 65 64
70 65 64
70 65 64
70 65 66
70 65 66
70 65 66
70 65 66
70 65 66
70 65 64
70 65 66
70 65 64
70 65 64
70 65 64
71 65 68
70 64 67
70 66 62
70 65 64
71 69 60
70 67 61
69 66 60
67 65 61
67 66 60
67 66 60
67 65 61
67 65 61
67 64 63
67 64 63
67 64 63
67 65 61
71 67 63
71 67 63
71 66 67
71 66 67
71 64 70
71 62 73
71 62 73
68 66 71
68 67 69
67 64 71
68 65 72
71 68 75
69 66 73
69 67 72
69 68 70
68 66 71
67 65 70
71 68 75
72 69 76
73 68 80
73 68 80
72 67 79
70 70 84
69 69 83
66 70 86
69 73 89
74 76 92
73 75 91
71 71 92
70 66 90
71 67 91
73 69 95
73 69 95
73 71 99
73 71 99
75 67 103
75 66 105
74 68 108
75 69 109
73 69 109
74 70 110
73 69 109
74 70 110
72 70 110
74 72 112
74 72 112
73 74 113
75 73 113
75 73 113
76 74 114
76 74 114
74 73 124
74 73 124
74 73 124
74 74 120
74 75 119
76 74 120
77 75 121
71 73 121
71 73 121
71 73 123
73 75 123
71 75 123
76 79 124
76 79 124
72 73 130
72 73 130
79 74 135
79 74 135
80 75 136
74 72 132
76 74 134
77 75 135
78 76 136
75 75 135
75 76 133
76 77 134
76 77 134
77 78 135
77 78 135
78 79 136
81 82 139
84 83 140
84 83 140
85 84 141
85 84 141
86 85 142
87 87 142
86 86 141
84 85 137
78 80 135
80 77 133
79 77 137
83 73 135
81 74 135
84 73 132
84 73 132
80 73 127
77 74 125
78 77 128
74 76 124
74 76 124
77 75 121
77 75 121
80 77 119
78 75 117
80 73 115
76 74 114
77 73 113
77 73 113
74 72 112
72 70 110
71 69 107
71 69 107
71 69 107
71 69 107
69 73 102
69 73 102
69 74 101
69 74 101
71 70 93
69 68 91
71 70 95
71 70 95
69 68 93
71 67 91
69 65 89
68 65 87
69 66 83
69 66 83
68 64 83
68 64 83
68 64 83
68 64 83
68 64 83
68 64 83
68 64 83
73 68 80
75 70 82
71 68 85
73 70 87
68 67 90
65 66 91
67 67 95
67 67 95
65 67 95
65 67 95
67 68 98
68 68 101
68 68 101
69 68 103
69 68 103
70 68 106
70 68 106
71 69 107
71 69 107
72 70 110
72 70 110
68 71 110
68 71 110
72 70 116
73 71 117
74 71 122
76 73 124
72 74 124
73 72 123
67 71 121
69 71 121
69 71 121
69 71 121
72 74 124
73 75 125
73 75 125
74 76 126
78 75 126
78 75 126
78 75 126
78 75 126
82 72 129
82 72 129
82 72 129
82 72 129
80 73 127
80 73 127
78 74 127
78 74 127
75 74 125
77 75 121
78 73 120
78 73 120
75 73 119
78 71 118
79 72 119
78 71 118
78 72 117
75 71 116
76 72 117
72 73 112
72 73 112
72 73 112
72 73 112
70 73 112
70 73 112
70 73 112
70 73 112
71 69 107
71 69 107
72 72 113
73 73 114
76 71 118
73 71 117
74 72 118
75 73 119
74 73 122
76 74 120
76 74 120
75 74 123
75 74 123
76 75 124
76 75 124
80 77 128
80 73 127
80 75 131
80 75 131
84 73 132
84 73 132
84 73 132
80 74 126
80 74 126
76 75 126
76 75 126
78 75 126
78 75 126
78 75 126
78 75 126
78 75 126
78 75 126
78 75 126
78 75 126
76 75 126
77 74 125
76 73 124
72 71 122
70 72 120
70 72 120
72 71 120
72 71 120
70 73 118
70 73 118
72 73 117
71 72 116
70 72 113
68 70 111
74 71 113
72 69 111
74 70 110
72 68 108
72 68 106
71 67 105
72 67 102
71 66 101
71 66 101
73 65 101
73 65 101
73 65 101
69 66 96
68 68 101
68 68 101
68 68 101
68 68 101
73 69 102
73 69 102
73 69 102
73 69 102
73 69 102
73 69 102
73 69 102
72 68 106
72 68 106
72 67 109
73 68 110
73 68 110
74 69 111
76 71 113
77 71 116
78 71 118
79 72 119
75 73 119
74 73 122
74 73 122
72 74 122
71 75 123
71 73 123
71 73 123
74 73 124
72 74 124
73 75 125
72 74 124
73 75 125
76 73 124
76 73 124
76 73 124
77 74 125
77 74 125
76 75 126
71 72 124
71 72 124
71 72 124
71 73 123
71 73 123
71 73 123
68 74 122
72 74 122
71 73 121
75 72 121
75 72 121
74 72 118
74 72 118
73 72 116
73 72 116
73 73 114
73 73 114
73 74 113
73 74 113
73 74 113
70 70 111
69 69 110
69 70 109
69 70 109
69 70 107
69 70 107
69 71 105
73 68 103
73 68 103
74 67 101
71 68 98
71 69 97
69 69 90
72 74 90
68 68 82
72 68 78
73 71 76
69 68 70
69 68 70
68 67 69
68 68 68
68 68 68
67 66 68
67 66 68
66 65 67
66 65 67
65 65 65
65 65 65
68 65 66
68 65 66
68 66 62
68 66 62
69 68 62
69 68 62
71 66 65
71 66 65
71 66 65
72 68 64
72 68 64
71 67 63
71 67 63
71 68 62
71 68 62
71 68 62
70 68 59
68 69 58
68 69 58
70 69 58
70 69 58
70 69 58
66 70 56
66 69 59
66 69 59
66 67 62
66 67 62
66 67 62
66 67 62
66 67 62
66 67 62
66 69 59
66 69 59
70 69 58
70 69 58
70 71 60
71 68 62
71 68 62
72 68 64
71 66 65
71 66 65
71 66 65
70 65 66
68 65 66
65 65 65
66 65 67
66 65 67
67 66 68
67 66 68
68 68 68
69 68 70
74 70 73
71 66 72
73 68 74
76 71 77
83 77 85
77 71 74
74 67 78
75 68 79
73 68 80
74 69 81
70 68 82
70 68 82
72 70 84
75 70 92
75 70 92
74 70 94
74 70 94
73 72 97
73 72 97
74 73 98
74 73 98
79 74 96
77 72 94
78 73 95
77 71 97
77 69 105
77 68 107
78 69 108
73 69 107
74 70 108
74 70 108
76 72 110
74 72 112
73 74 113
73 73 114
73 73 114
74 74 115
72 73 117
73 73 119
76 76 117
76 76 117
74 75 119
74 73 122
72 74 124
70 71 123
70 71 123
70 76 124
74 76 126
74 76 126
70 74 129
70 74 129
70 74 129
70 73 130
76 74 127
76 74 127
78 77 128
76 75 126
76 73 124
71 73 123
71 73 123
73 75 125
72 74 124
74 73 124
74 73 124
74 73 124
71 75 123
71 75 123
73 75 123
73 75 123
76 74 120
78 73 120
78 75 117
75 75 116
77 72 114
77 72 114
76 71 113
77 73 113
81 72 113
80 71 112
78 72 112
78 72 112
78 72 112
74 70 110
74 70 108
74 70 108
73 69 107
74 70 108
74 71 106
72 71 101
72 73 98
75 74 99
75 75 96
75 75 96
73 71 99
73 71 99
75 70 99
75 71 97
75 71 97
75 71 95
75 71 95
73 72 89
71 70 87
68 68 82
67 67 81
71 69 83
71 69 83
72 70 84
73 71 85
73 70 87
75 72 89
74 74 88
73 73 87
69 67 86
69 67 86
69 66 88
70 67 84
72 69 86
71 68 85
71 68 85
71 68 85
71 68 85
71 68 85
71 68 85
69 66 83
69 66 83
69 66 83
69 66 83
73 69 88
71 67 91
70 67 89
69 66 88
70 68 87
70 66 92
70 66 92
70 66 90
70 66 90
68 68 89
68 68 89
68 68 89
68 68 89
68 67 90
68 67 90
68 69 87
67 69 85
67 69 85
65 67 83
65 68 81
65 68 81
66 68 84
66 68 84
66 68 84
66 68 84
66 69 82
73 64 88
74 67 86
74 67 86
66 65 90
69 68 93
69 68 93
65 68 93
65 68 93
65 67 95
65 67 95
65 67 95
65 67 95
70 69 99
71 70 100
71 69 102
71 69 102
71 68 103
73 67 105
71 67 107
71 67 107
71 67 107
71 66 108
71 66 108
74 69 111
74 71 113
72 72 113
72 72 113
72 70 110
72 70 110
72 70 110
72 70 110
72 70 110
69 74 114
69 74 114
71 73 114
71 73 114
71 73 114
71 73 114
73 73 114
77 72 119
80 71 118
79 73 113
77 73 113
74 75 114
77 75 115
77 75 115
78 75 117
79 76 118
81 76 118
79 75 120
80 76 121
80 79 130
78 80 130
78 80 130
78 79 131
76 79 131
77 80 132
77 79 134
78 77 134
79 75 133
79 75 133
83 77 135
83 77 135
83 77 135
83 77 135
81 76 137
81 76 137
79 77 137
79 77 137
82 81 132
82 81 132
80 82 132
79 81 131
79 81 131
80 78 131
79 77 130
81 77 130
81 77 130
81 77 130
81 77 130
77 78 130
77 78 130
74 76 131
72 75 132
70 73 130
76 74 127
76 74 127
74 72 125
72 74 124
71 73 123
72 71 120
68 72 120
68 73 118
68 73 118
67 72 117
68 72 115
70 74 117
71 72 116
71 72 116
70 72 113
70 72 113
70 70 111
70 70 111
71 66 108
71 67 107
71 67 107
71 67 105
71 67 105
71 68 103
71 68 103
70 69 99
67 66 96
67 67 95
67 67 95
67 68 93
67 68 93
67 68 91
64 65 88
64 66 87
64 66 87
66 68 84
65 67 83
69 67 79
68 66 78
72 69 76
71 68 75
69 67 72
69 67 72
70 66 69
70 66 69
64 65 70
64 65 70
65 64 74
66 63 70
69 64 70
69 64 70
69 64 70
69 64 70
69 65 68
69 65 68
68 64 67
68 65 66
68 65 66
68 65 66
68 65 66
68 65 66
68 63 69
68 63 69
68 63 69
68 64 67
68 64 67
68 64 67
68 64 67
67 64 65
67 64 65
67 64 65
67 64 65
67 64 63
67 65 61
67 65 61
68 67 61
68 67 61
68 68 59
68 68 59
68 67 61
68 67 61
68 65 64
68 65 64
66 65 67
66 64 69
67 66 68
68 67 69
68 67 69
67 66 68
72 69 76
72 68 78
72 68 78
76 71 118
76 71 118
78 72 122
77 76 120
77 76 120
75 75 121
74 73 122
75 74 123
73 74 126
71 73 128
72 75 127
73 73 128
76 76 131
77 77 132
77 77 132
78 78 133
78 78 133
78 78 133
77 77 132
77 79 134
75 77 132
75 77 132
79 79 134
79 79 134
79 78 135
79 78 135
80 79 136
81 80 137
81 79 139
83 81 143
80 78 140
82 77 138
82 77 138
83 78 139
85 84 141
86 87 144
92 93 150
93 95 150
93 95 150
88 90 140
89 84 140
87 82 138
87 80 134
87 80 134
89 83 133
89 83 133
89 83 133
85 81 134
87 83 136
81 81 136
81 81 136
77 81 136
77 81 136
76 81 133
78 82 132
80 82 132
79 81 131
81 80 129
78 82 125
77 80 125
74 77 129
76 75 126
78 76 122
81 76 118
81 77 115
84 78 118
80 76 116
79 73 118
78 72 117
76 75 110
78 75 110
78 75 110
80 74 112
80 74 112
79 75 108
81 77 103
77 74 96
75 72 94
75 74 91
74 73 90
74 74 88
71 71 85
73 73 85
79 74 86
78 73 85
80 73 84
80 73 84
78 72 80
76 71 77
75 70 76
76 71 72
77 72 73
77 67 67
73 69 65
75 74 63
75 72 66
75 73 64
75 74 63
75 74 63
75 74 61
75 74 61
75 74 61
75 74 61
75 74 61
75 74 61
73 70 55
74 70 58
74 70 58
74 70 58
71 70 59
71 70 59
71 70 59
72 69 63
74 68 63
74 68 63
72 70 61
72 69 63
72 69 63
72 69 63
73 69 65
71 67 63
70 66 62
70 66 62
69 67 63
69 67 63
67 68 63
67 68 63
72 69 63
72 70 61
71 69 60
71 69 60
71 69 60
71 70 59
71 70 59
70 69 56
70 68 59
70 67 61
70 67 61
70 66 62
70 65 64
70 65 64
72 68 64
72 68 64
72 68 64
72 68 64
72 68 64
72 68 64
70 66 62
72 68 64
72 68 64
73 69 65
73 68 67
73 68 67
73 68 67
72 67 66
71 66 65
71 67 63
70 66 62
68 66 62
69 67 63
69 66 67
71 66 67
71 66 65
71 68 62
73 71 62
73 68 69
71 67 63
72 68 64
72 68 64
72 68 64
72 67 66
72 67 66
71 68 69
67 65 61
68 66 62
70 67 68
71 68 69
69 67 72
69 67 72
69 67 72
72 70 75
73 70 77
72 68 78
69 68 85
68 69 87
71 68 90
71 68 90
72 71 96
72 71 101
72 71 101
72 70 103
69 73 102
69 71 105
71 69 107
71 69 107
75 69 107
75 69 107
73 69 109
72 73 112
71 73 114
71 73 114
76 73 115
76 73 115
76 73 115
74 73 122
75 74 123
75 75 121
72 76 124
74 78 126
73 78 130
74 80 130
74 79 131
74 79 131
76 77 129
76 76 131
75 76 133
76 77 134
79 80 137
81 82 139
82 83 140
79 82 139
79 82 139
83 85 147
82 84 146
77 77 137
77 77 137
78 78 138
85 85 147
83 83 145
78 83 142
79 84 143
79 84 143
78 83 142
79 81 143
81 82 139
80 85 137
82 88 136
84 90 138
87 95 138
86 94 137
94 104 148
88 90 145
85 86 138
81 82 134
77 78 135
75 81 137
74 80 136
75 79 134
77 80 132
77 80 132
79 81 131
82 76 134
80 74 132
78 75 131
80 77 126
80 77 126
74 75 119
75 74 118
74 75 114
73 74 113
79 75 115
76 73 115
75 72 114
72 72 113
72 72 113
72 73 112
70 71 110
72 70 103
74 70 103
74 71 101
73 70 100
72 69 99
72 69 99
71 71 92
69 69 90
72 68 87
74 69 83
74 68 85
74 69 81
74 70 80
73 70 77
72 69 76
69 67 72
71 69 74
71 70 72
72 71 73
72 71 73
72 71 73
77 68 72
75 66 70
73 66 72
75 68 74
75 68 74
76 69 75
73 68 74
69 66 73
68 64 74
69 64 76
71 66 78
72 67 81
74 67 86
76 68 90
73 68 97
74 70 94
74 70 94
73 68 97
74 67 101
75 68 102
74 69 104
73 67 105
72 66 104
72 66 106
76 70 108
77 73 111
77 71 116
77 71 116
77 72 119
78 73 120
78 73 120
78 73 120
77 71 121
78 72 122
82 76 128
80 74 126
82 76 128
78 75 126
77 74 125
77 74 125
76 73 124
77 74 125
76 73 124
75 72 123
79 73 125
75 74 125
73 75 125
74 76 126
71 75 125
71 75 125
72 74 122
72 74 122
75 72 123
79 71 123
79 71 123
76 70 120
76 70 120
71 70 119
71 70 119
71 70 119
72 70 116
72 70 116
72 70 116
76 70 115
76 70 115
78 70 115
78 70 115
74 71 113
72 72 113
72 73 110
70 71 108
69 68 103
70 69 104
68 67 102
69 67 100
69 67 100
69 67 100
67 67 95
69 69 97
71 70 93
69 69 90
68 68 89
69 65 89
69 65 89
71 67 86
70 67 84
69 67 79
66 65 75
65 64 74
69 66 73
68 65 72
68 65 72
68 65 72
68 65 72
67 64 71
70 64 72
70 64 72
70 65 71
71 64 70
71 64 70
71 63 71
71 63 71
71 62 73
71 62 73
68 64 67
68 64 67
68 65 66
68 65 66
68 65 66
68 65 66
67 64 65
70 67 68
70 67 68
70 67 68
70 67 68
70 67 66
70 67 66
70 67 66
70 67 66
71 66 65
71 66 65
71 66 65
71 66 65
71 66 65
71 66 65
71 66 67
70 65 64
70 65 64
70 65 64
70 65 64
70 65 66
70 65 66
70 65 66
71 66 67
71 65 68
73 68 69
73 68 69
71 66 67
71 66 67
73 68 69
73 68 69
72 67 68
72 67 68
72 67 68
72 67 68
72 67 68
72 67 68
73 71 62
73 71 62
73 71 62
73 72 61
73 72 61
73 72 61
75 74 61
75 74 61
75 74 61
75 74 63
75 74 63
75 73 64
75 73 64
75 74 63
75 73 64
75 73 64
75 72 66
75 71 67
75 71 67
75 71 67
75 71 67
69 68 70
71 70 72
73 72 74
74 72 77
75 72 79
71 69 81
71 69 81
71 69 83
72 70 84
73 71 85
75 73 87
75 72 89
75 72 89
75 71 90
75 71 90
76 72 91
76 72 91
75 71 97
76 72 98
76 71 100
77 72 101
78 73 108
78 74 112
77 73 111
76 72 110
77 75 108
76 74 107
75 74 109
79 73 111
80 74 114
77 72 114
81 77 117
75 76 113
77 78 117
74 76 117
74 77 116
75 78 117
73 78 118
77 80 125
78 77 128
82 74 131
84 76 133
80 82 132
79 81 131
79 81 131
81 80 131
78 81 133
78 81 133
75 78 135
75 78 135
77 78 135
77 78 135
82 79 135
79 79 134
79 79 134
75 79 134
76 80 135
81 85 140
83 85 140
84 86 141
83 86 138
82 85 137
82 85 137
82 85 137
79 83 138
75 79 134
75 79 134
78 78 133
77 77 132
80 78 131
74 76 126
76 73 129
76 73 129
76 74 127
78 77 128
78 77 128
76 75 124
76 75 124
76 75 124
73 77 120
73 77 120
75 76 120
73 76 115
73 76 115
78 74 114
75 72 114
72 69 111
70 70 111
72 72 113
71 70 105
73 71 104
73 71 104
73 71 104
72 70 103
71 70 100
71 70 100
69 70 93
70 71 94
71 68 90
71 68 90
72 69 86
72 70 82
72 70 82
71 67 77
69 66 73
72 69 76
74 69 75
71 70 72
67 67 67
67 67 67
73 68 69
73 68 69
73 68 69
73 68 69
73 68 69
73 68 69
73 68 69
73 68 69
73 68 69
73 68 69
73 68 69
73 68 69
73 68 69
72 67 68
71 71 71
71 71 71
69 68 70
71 70 72
72 71 73
72 71 73
77 67 74
75 65 72
72 65 71
73 66 72
69 66 73
69 66 73
68 64 74
69 65 75
71 67 77
74 69 81
73 68 80
73 69 79
74 69 81
72 68 87
69 69 83
71 68 90
73 70 92
72 71 94
70 71 94
70 71 94
69 69 97
69 69 97
69 68 93
69 67 95
69 67 95
69 67 95
71 68 98
71 68 98
72 68 101
72 68 101
73 68 103
73 67 107
72 70 110
74 72 112
72 72 113
68 70 111
72 71 115
71 72 116
72 71 115
70 69 113
68 69 113
70 71 115
73 73 114
73 73 114
75 71 116
76 72 117
76 72 117
77 71 116
75 71 116
78 72 117
78 72 117
78 73 115
76 73 115
76 73 115
75 75 116
75 75 116
78 72 117
75 72 114
78 73 115
78 73 115
79 73 113
79 73 113
78 74 114
78 74 114
75 72 114
76 74 114
76 74 114
75 72 114
76 72 110
76 72 110
76 71 106
75 70 105
77 69 105
77 69 105
74 70 103
74 71 101
75 72 102
69 70 95
69 70 95
71 70 87
71 70 87
72 70 84
72 70 84
71 69 81
71 69 81
74 71 78
73 70 77
72 70 75
71 69 74
69 68 70
71 69 83
72 70 84
69 70 88
69 69 90
70 69 99
70 68 101
69 67 100
69 67 100
69 66 101
73 68 103
73 67 105
74 68 106
73 68 103
73 69 102
73 69 102
70 66 104
71 67 105
76 68 104
76 68 104
74 68 108
71 68 103
68 69 99
68 67 102
68 68 101
68 68 101
67 67 95
66 66 94
65 66 91
64 65 90
69 67 86
69 67 79
68 66 78
71 67 77
71 68 75
69 66 73
69 67 72
68 66 71
70 64 72
70 64 72
71 65 73
74 68 76
70 65 71
70 65 71
70 65 71
70 65 71
70 65 71
70 65 71
70 65 71
70 65 71
70 65 71
70 67 68
71 68 69
71 68 69
70 67 68
71 66 72
70 65 71
71 64 70
72 65 71
72 65 71
72 65 71
71 66 72
73 68 74
69 66 73
69 65 75
73 68 80
74 69 81
75 70 84
75 70 84
73 67 93
71 68 98
73 69 102
73 68 103
74 69 104
74 68 106
72 68 108
72 69 111
73 74 113
77 73 118
77 73 118
78 74 119
75 75 121
80 77 126
78 76 129
79 76 132
79 76 132
80 77 133
84 78 136
80 74 132
80 79 130
81 80 131
77 79 134
77 79 134
76 78 133
75 77 132
77 77 132
78 78 133
76 78 133
76 79 131
76 79 131
77 78 130
77 78 130
77 78 130
77 78 130
78 77 128
76 75 126
79 77 130
79 77 130
81 77 130
82 76 128
77 74 123
77 71 121
79 71 121
78 71 118
71 74 119
71 75 118
71 71 117
70 71 115
72 69 111
70 72 113
75 71 116
74 71 113
72 69 111
72 70 110
71 69 109
71 67 105
70 66 104
70 67 102
69 66 101
67 65 98
67 65 98
69 68 93
67 66 89
70 68 87
71 68 85
69 67 81
68 66 80
71 67 77
71 68 75
69 66 73
69 66 73
69 66 73
69 65 75
69 65 75
71 67 77
69 65 75
69 67 72
68 66 71
69 67 72
68 66 71
69 67 72
71 68 75
71 68 75
69 66 73
69 66 73
73 68 74
73 66 72
72 70 75
72 70 75
71 69 74
71 69 74
73 70 77
73 69 79
73 69 79
75 71 81
71 69 83
72 69 86
71 71 92
71 71 92
71 72 90
69 70 93
69 70 93
74 75 93
71 70 93
73 73 94
74 73 96
74 73 96
76 71 100
78 73 102
77 72 101
78 74 107
81 77 103
81 77 103
79 77 105
79 77 105
80 74 112
76 72 110
76 72 110
74 70 108
74 70 108
74 71 106
74 71 106
74 71 106
74 70 108
76 72 110
76 72 110
76 72 110
72 72 113
72 72 113
72 72 113
74 71 113
72 72 113
74 74 115
74 74 115
75 72 114
75 72 114
75 72 114
75 75 116
77 74 116
77 72 114
73 72 116
77 73 118
75 74 118
76 74 120
77 75 121
78 73 120
76 74 120
77 74 123
77 74 123
78 72 122
77 74 125
77 74 125
78 77 128
77 79 129
76 78 128
77 79 129
76 75 126
79 77 130
80 78 131
80 78 131
80 78 131
81 79 132
80 78 131
77 78 130
77 78 130
79 77 130
78 76 129
78 77 128
78 77 128
76 75 124
76 75 124
76 74 120
76 74 120
75 73 119
76 72 117
77 73 118
76 72 117
74 74 115
75 75 116
71 73 114
70 72 113
72 73 112
72 70 110
73 69 107
74 70 103
74 70 103
72 71 101
72 71 101
69 70 95
72 70 84
71 68 85
71 69 81
72 69 76
72 69 76
72 71 73
71 70 72
71 68 69
68 68 68
76 71 72
75 70 71
75 70 69
73 68 67
73 68 67
72 67 66
72 67 66
72 68 64
71 67 63
73 70 64
73 70 64
73 71 62
73 71 62
73 71 62
73 71 62
73 70 64
73 70 64
73 69 65
73 69 65
72 67 68
73 68 69
73 68 69
73 68 69
73 68 69
73 68 69
73 68 69
73 68 69
72 67 68
72 67 68
72 67 68
72 67 68
72 67 68
72 67 68
72 67 68
72 67 68
72 67 68
73 68 69
73 68 69
73 66 72
75 68 74
73 68 74
71 66 72
68 64 74
69 64 76
73 67 84
74 68 85
74 69 83
74 69 83
71 67 86
71 69 88
70 67 89
73 70 92
73 70 92
72 71 94
72 71 94
72 71 94
72 71 94
70 71 96
68 69 99
68 69 99
69 68 93
68 67 92
68 67 92
68 67 90
67 66 89
77 63 95
77 64 94
76 63 93
68 64 88
69 65 89
71 67 86
70 68 82
72 67 79
71 66 78
71 67 77
71 67 77
71 68 75
69 66 73
68 65 72
68 65 72
70 65 71
71 64 70
71 63 71
71 62 73
71 62 73
69 65 68
68 65 66
67 64 65
67 64 65
69 66 67
69 66 67
69 66 67
69 66 67
69 66 65
69 66 65
69 66 65
70 67 66
70 67 66
70 67 66
70 67 66
70 67 66
70 68 64
70 68 64
70 68 64
70 68 64
71 67 63
71 67 63
71 66 65
71 66 65
71 66 67
70 65 66
70 65 66
70 65 64
70 65 66
75 70 71
75 70 71
72 67 68
72 67 68
71 65 73
71 65 73
69 66 73
71 66 78
74 69 98
73 68 97
74 67 101
74 68 106
73 66 108
73 66 108
71 65 110
72 66 111
72 69 111
78 72 110
76 72 110
75 72 114
75 72 114
73 73 114
70 74 117
71 71 117
72 72 118
72 72 118
72 72 118
75 73 119
74 71 120
74 72 118
72 72 118
69 72 117
68 70 118
68 70 118
68 70 118
72 70 116
72 70 116
72 70 116
72 70 116
72 71 115
72 71 115
72 71 115
72 72 113
72 72 113
72 72 113
74 70 110
75 69 107
71 69 107
69 71 105
70 67 89
68 69 87
69 68 85
68 67 84
71 67 77
73 70 77
73 70 77
72 70 75
69 67 72
69 67 72
71 68 69
69 67 63
68 66 62
69 66 67
72 70 61
72 70 61
72 67 66
72 67 66
72 67 66
72 71 60
72 71 60
72 70 61
71 69 60
71 69 60
71 69 60
71 69 60
71 69 60
71 69 60
71 69 60
73 71 62
73 71 62
71 68 62
71 68 62
71 66 65
71 66 65
71 65 68
71 65 68
71 66 67
71 65 68
71 65 68
71 63 71
71 63 71
71 63 71
71 62 73
71 62 73
70 66 69
70 66 69
70 65 71
70 65 71
70 65 71
70 65 71
70 65 71
70 65 71
70 65 71
70 64 72
73 67 75
69 66 73
69 66 73
69 65 75
68 67 77
69 68 78
69 69 76
69 68 78
70 69 79
71 68 85
74 68 85
72 66 92
73 67 91
73 70 100
73 70 100
71 67 107
72 68 108
72 70 108
74 72 112
72 70 110
69 70 109
70 71 110
70 72 113
75 72 114
79 73 113
74 77 116
72 76 119
75 74 123
74 76 124
78 76 129
79 77 130
79 76 132
80 77 133
83 77 135
81 75 133
76 80 135
74 77 134
76 78 138
85 78 139
85 78 139
88 81 142
89 79 141
89 79 141
86 82 140
83 78 139
81 76 137
80 82 144
81 83 145
84 84 146
81 83 145
82 82 144
82 82 144
83 83 145
81 81 148
81 81 148
83 83 145
83 83 145
87 85 138
88 86 139
96 96 110
96 96 110
104 99 100
102 97 98
106 100 88
98 93 115
97 92 114
100 95 117
102 102 100
100 100 98
95 93 121
98 98 98
101 101 101
94 95 118
93 94 117
94 95 118
99 100 105
94 93 116
89 87 125
89 87 125
90 88 126
92 93 116
89 88 123
83 84 128
87 87 120
85 85 126
84 84 125
81 83 124
82 84 125
82 84 125
85 90 117
83 84 128
82 83 127
86 84 124
85 83 123
89 84 119
88 83 118
93 88 110
89 84 113
86 82 115
86 82 115
86 82 115
87 82 117
86 81 116
88 85 107
86 83 105
85 81 105
85 81 105
85 81 105
86 81 103
85 80 102
82 79 101
82 79 101
80 82 98
83 84 94
83 84 94
84 83 93
84 83 93
86 82 92
86 82 92
83 80 87
83 81 86
83 81 86
83 81 86
80 78 83
80 78 83
80 78 83
83 77 80
80 74 77
82 74 74
82 74 74
82 77 69
82 77 69
82 78 66
86 80 68
87 81 69
87 82 67
84 79 64
82 75 67
85 77 65
84 76 64
83 77 60
81 72 69
81 72 69
77 77 61
76 76 60
76 76 60
76 81 51
81 79 57
80 78 56
80 78 56
77 75 58
79 73 61
79 73 61
79 73 61
77 72 64
75 70 62
75 70 62
75 73 64
75 74 63
75 74 63
75 74 63
75 74 63
75 74 63
75 74 63
73 71 62
73 71 62
73 71 62
73 71 62
73 70 64
73 71 62
73 71 62
73 71 62
73 71 62
72 67 68
72 67 68
72 67 68
72 67 68
72 67 68
72 67 68
72 67 68
73 68 69
71 66 67
71 66 67
71 66 67
71 66 67
73 68 69
71 66 65
71 66 65
71 66 65
70 65 64
70 65 66
70 65 66
70 66 62
70 66 62
70 66 62
70 66 62
70 65 66
70 68 64
70 67 66
69 66 65
69 66 65
69 66 65
69 66 65
69 66 65
69 66 65
69 66 65
69 66 67
71 66 67
71 66 67
71 65 68
71 65 68
71 65 68
71 66 65
72 68 64
72 68 64
72 68 64
72 67 68
72 67 68
71 67 70
70 66 69
73 66 72
73 67 70
70 68 64
72 67 68
75 70 71
76 70 73
75 74 76
71 72 82
71 72 82
72 72 79
70 70 77
66 67 77
68 69 79
68 68 82
70 70 84
75 70 84
76 70 87
76 70 87
78 71 90
78 71 90
75 71 90
77 72 94
80 72 94
83 75 97
81 74 93
81 74 93
77 72 101
73 72 102
74 73 103
74 73 103
74 73 103
78 74 107
76 74 107
74 74 107
75 75 108
73 69 109
73 69 109
73 69 109
73 69 109
73 68 110
76 70 115
78 71 113
78 71 113
78 71 113
74 72 112
72 72 113
72 72 113
70 70 111
70 68 106
70 68 106
69 67 105
70 67 102
70 67 102
70 69 99
70 69 99
71 70 95
71 67 93
76 67 93
74 65 91
71 67 86
69 65 89
71 67 86
72 68 87
72 70 84
73 68 80
72 67 79
69 67 81
72 67 79
72 67 79
72 67 79
71 66 80
71 68 75
71 67 77
71 67 77
69 66 73
69 67 72
68 66 71
73 67 75
71 65 73
70 65 71
70 66 69
70 66 69
70 66 69
72 67 68
72 67 68
73 68 69
73 68 69
72 66 69
72 66 69
72 67 68
71 66 67
71 66 67
71 64 70
71 64 70
69 66 67
69 66 67
69 66 67
72 67 68
