65 126 53
66 105 90
66 123 43
67 106 91
68 120 21
69 123 44
69 125 48
69 126 38
70 122 35
70 123 41
70 126 40
70 130 53
70 131 126
71 107 88
71 107 95
71 108 98
71 110 88
71 110 102
71 112 17
71 112 99
71 113 97
71 116 30
71 117 110
71 119 50
71 120 22
71 122 32
71 122 46
71 124 56
71 137 63
72 109 99
72 110 98
72 111 96
72 111 103
72 113 100
72 113 105
72 113 107
72 116 32
72 120 38
72 121 50
72 122 35
72 123 33
72 124 37
72 125 43
72 134 65
72 137 72
72 142 81
72 144 87
73 107 95
73 108 98
73 109 97
73 110 100
73 111 87
73 111 99
73 112 97
73 113 109
73 114 106
73 115 113
73 116 16
73 117 33
73 118 25
73 120 115
73 123 117
73 124 48
73 124 116
73 126 43
73 131 127
73 135 66
73 136 71
73 141 80
73 150 90
74 105 87
74 106 85
74 109 99
74 110 98
74 110 103
74 111 96
74 111 101
74 112 20
74 112 88
74 112 100
74 113 18
74 113 105
74 113 107
74 114 103
74 117 17
74 117 36
74 118 21
74 118 111
74 119 27
74 121 43
74 122 35
74 122 40
74 123 38
74 123 52
74 124 43
74 125 35
74 125 40
74 126 33
74 126 47
74 128 124
74 130 58
74 131 129
74 137 72
74 140 78
74 142 81
74 143 87
74 144 85
75 105 91
75 106 88
75 106 90
75 106 95
75 108 92
75 109 102
75 110 87
75 110 100
75 111 94
75 111 99
75 112 97
75 113 109
75 114 106
75 114 108
75 115 30
75 115 104
75 116 28
75 116 103
75 116 108
75 116 110
75 118 23
75 118 32
75 118 38
75 119 22
75 119 35
75 119 110
75 119 112
75 120 28
75 120 115
75 121 46
75 121 112
75 121 114
75 122 117
75 123 41
75 123 116
75 124 39
75 125 44
75 125 119
75 127 48
75 128 45
75 128 65
75 129 50
75 129 125
75 130 47
75 130 55
75 132 130
75 134 73
75 135 66
75 136 76
75 138 73
75 139 77
75 140 70
75 140 75
75 143 76
75 143 82
75 144 81
76 104 87
76 104 89
76 105 85
76 106 97
76 107 96
76 108 101
76 109 99
76 110 89
76 110 98
76 111 88
76 111 96
76 111 101
76 112 18
76 112 100
76 112 105
76 112 107
76 113 98
76 113 103
76 114 23
76 114 34
76 114 102
76 115 100
76 115 114
76 116 19
76 116 44
76 116 99
76 116 105
76 117 17
76 117 43
76 117 104
76 117 109
76 118 15
76 118 21
76 118 34
76 118 107
76 119 19
76 119 24
76 119 39
76 119 51
76 120 16
76 120 17
76 120 23
76 120 36
76 120 104
76 120 118
76 121 14
76 121 35
76 121 116
76 121 121
76 122 40
76 122 41
76 122 47
76 123 50
76 123 118
76 124 37
76 124 42
76 124 49
76 124 62
76 124 123
76 125 35
76 125 47
76 126 73
76 126 120
76 127 42
76 127 119
76 128 54
76 128 122
76 129 61
76 129 66
76 130 51
76 130 65
76 131 56
76 131 68
76 132 55
76 132 128
76 133 72
76 133 126
76 134 50
76 134 75
76 135 74
76 135 135
76 136 72
76 142 80
76 144 83
76 145 82
76 146 87
77 102 94
77 104 91
77 105 88
77 106 86
77 106 95
77 107 93
77 107 98
77 108 90
77 108 92
77 108 97
77 109 95
77 110 92
77 110 94
77 110 100
77 111 90
77 111 99
77 112 22
77 112 97
77 113 96
77 113 106
77 113 108
77 114 104
77 115 16
77 115 103
77 116 33
77 116 108
77 117 25
77 117 26
77 117 106
77 117 113
77 118 38
77 118 105
77 118 110
77 119 22
77 119 27
77 119 28
77 119 35
77 119 49
77 119 61
77 119 108
77 120 25
77 120 115
77 120 120
77 121 46
77 121 51
77 121 112
77 121 114
77 122 30
77 122 54
77 122 110
77 122 117
77 123 48
77 123 53
77 123 116
77 123 121
77 124 46
77 124 119
77 125 44
77 125 50
77 126 36
77 126 48
77 126 55
77 127 46
77 127 53
77 128 57
77 128 125
77 130 60
77 131 127
77 132 130
77 132 135
77 133 129
77 133 134
77 134 73
77 134 132
77 135 71
77 136 75
77 137 73
77 138 72
77 138 78
77 140 75
77 141 79
77 142 143
77 150 95
78 102 92
78 103 90
78 104 87
78 104 89
78 105 99
78 107 96
78 108 94
78 108 99
78 109 91
78 109 93
78 109 98
78 110 105
78 111 93
78 111 95
78 111 101
78 112 18
78 112 91
78 112 100
78 112 105
78 112 107
78 113 22
78 113 98
78 113 103
78 114 102
78 114 109
78 115 27
78 115 93
78 115 100
78 115 105
78 116 24
78 116 25
78 116 104
78 117 15
78 117 22
78 117 29
78 117 34
78 117 56
78 117 102
78 117 109
78 117 111
78 118 21
78 118 26
78 118 107
78 119 19
78 119 24
78 119 38
78 119 45
78 119 106
78 120 17
78 120 23
78 120 28
78 120 29
78 120 36
78 120 50
78 120 104
78 120 118
78 120 123
78 121 35
78 121 40
78 121 41
78 121 116
78 122 19
78 122 38
78 122 52
78 122 113
78 122 115
78 123 37
78 123 45
78 123 118
78 123 123
78 124 43
78 124 67
78 124 115
78 124 117
78 124 122
78 125 32
78 125 120
78 126 39
78 126 59
78 126 64
78 126 119
78 126 125
78 127 56
78 127 71
78 127 124
78 127 129
78 128 61
78 128 122
78 128 127
78 129 121
78 129 126
78 129 132
78 130 56
78 130 70
78 130 124
78 130 131
78 131 61
78 131 68
78 131 129
78 132 67
78 132 128
78 133 70
78 133 126
78 134 135
78 135 65
78 136 59
78 136 72
78 136 132
78 137 137
78 140 78
78 141 81
78 145 89
78 146 85
78 147 84
79 104 91
79 104 96
79 105 88
79 105 90
79 106 100
79 107 90
79 107 92
79 108 88
79 108 97
79 109 82
79 109 87
79 109 95
79 109 100
79 110 85
79 110 92
79 110 94
79 110 99
79 111 97
79 112 89
79 112 96
79 113 19
79 113 106
79 113 108
79 113 113
79 114 38
79 114 104
79 115 16
79 115 35
79 115 103
79 115 108
79 115 110
79 116 28
79 116 40
79 116 106
79 117 25
79 117 26
79 117 32
79 117 52
79 117 100
79 117 105
79 118 23
79 118 35
79 118 69
79 118 110
79 118 112
79 119 22
79 119 28
79 119 47
79 119 108
79 120 20
79 120 46
79 120 54
79 120 112
79 120 114
79 121 110
79 122 42
79 122 49
79 122 54
79 122 104
79 122 117
79 123 14
79 123 53
79 123 114
79 124 38
79 124 46
79 124 65
79 124 112
79 124 119
79 125 44
79 125 50
79 125 55
79 125 116
79 125 118
79 127 58
79 127 60
79 127 126
79 128 50
79 128 57
79 128 125
79 129 48
79 129 60
79 129 123
79 129 128
79 130 45
79 130 79
79 130 120
79 130 122
79 130 127
79 131 71
79 131 125
79 131 132
79 132 69
79 132 130
79 132 135
79 133 68
79 133 134
79 134 64
79 134 71
79 134 132
79 135 76
79 135 131
79 135 136
79 136 61
79 136 129
79 136 134
79 138 85
79 139 70
79 141 143
79 142 84
79 142 142
79 144 147
79 150 95
79 151 94
79 152 97
79 153 96
80 102 92
80 104 87
80 106 84
80 107 94
80 108 91
80 108 93
80 108 99
80 109 89
80 109 98
80 110 20
80 110 88
80 110 96
80 110 101
80 111 27
80 111 93
80 111 95
80 111 100
80 112 25
80 112 91
80 112 98
80 112 105
80 113 90
80 113 103
80 114 20
80 114 102
80 114 107
80 115 19
80 115 24
80 115 100
80 115 105
80 116 17
80 116 31
80 116 97
80 116 99
80 116 104
80 116 109
80 116 111
80 117 15
80 117 21
80 117 34
80 117 41
80 117 48
80 117 102
80 117 107
80 118 12
80 118 19
80 118 27
80 118 33
80 118 39
80 118 106
80 119 16
80 119 17
80 119 24
80 119 31
80 119 36
80 119 104
80 120 23
80 120 28
80 120 29
80 120 48
80 121 26
80 121 41
80 121 53
80 121 113
80 121 115
80 122 38
80 122 45
80 122 52
80 122 64
80 122 111
80 122 120
80 122 125
80 123 42
80 123 50
80 123 118
80 123 123
80 124 115
80 124 117
80 124 122
80 125 39
80 125 59
80 125 113
80 125 120
80 126 45
80 126 56
80 126 71
80 126 119
80 126 124
80 127 122
80 128 53
80 128 61
80 128 119
80 128 121
80 129 51
80 129 126
80 129 131
80 130 61
80 130 63
80 130 124
80 130 129
80 131 80
80 131 121
80 131 123
80 131 128
80 132 72
80 132 126
80 133 63
80 133 70
80 133 75
80 133 77
80 133 118
80 133 125
80 134 74
80 134 135
80 135 65
80 135 133
80 136 71
80 136 132
80 136 137
80 137 83
80 138 79
80 138 134
80 138 140
80 139 78
80 140 76
80 140 137
80 140 142
80 141 83
80 141 136
80 141 141
80 142 144
80 143 78
80 143 83
80 143 85
80 143 143
80 144 77
80 144 82
80 145 87
80 147 82
80 148 155
80 149 93
80 150 91
81 103 93
81 105 88
81 105 95
81 106 93
81 106 98
81 107 85
81 107 90
81 107 92
81 107 97
81 108 88
81 108 95
81 109 16
81 109 87
81 109 92
81 109 94
81 109 100
81 110 85
81 110 90
81 110 99
81 111 84
81 111 89
81 111 97
81 112 18
81 112 87
81 112 94
81 113 17
81 113 45
81 113 92
81 113 106
81 113 108
81 114 30
81 114 38
81 114 104
81 115 103
81 115 108
81 115 110
81 116 25
81 116 33
81 116 40
81 116 101
81 116 106
81 117 23
81 117 37
81 117 38
81 117 100
81 117 105
81 117 110
81 117 112
81 118 22
81 118 30
81 118 35
81 118 49
81 118 56
81 118 103
81 118 108
81 119 20
81 119 34
81 119 52
81 119 54
81 119 107
81 120 32
81 120 64
81 120 105
81 120 112
81 120 114
81 121 30
81 121 44
81 121 49
81 121 110
81 121 117
81 122 41
81 122 54
81 122 56
81 122 109
81 122 114
81 122 116
81 123 39
81 123 53
81 123 112
81 123 121
81 124 38
81 124 51
81 124 56
81 124 119
81 125 55
81 125 62
81 125 116
81 125 118
81 126 48
81 126 53
81 126 60
81 126 114
81 127 45
81 127 46
81 127 52
81 127 57
81 127 125
81 128 123
81 128 130
81 129 122
81 129 135
81 130 74
81 130 127
81 130 132
81 131 57
81 131 71
81 131 125
81 131 130
81 132 69
81 132 74
81 132 129
81 132 135
81 133 73
81 133 80
81 133 134
81 134 64
81 134 71
81 134 76
81 134 85
81 134 132
81 134 137
81 135 131
81 135 136
81 136 73
81 136 129
81 136 134
81 136 139
81 137 65
81 137 133
81 137 138
81 138 136
81 138 150
81 139 80
81 139 82
81 140 74
81 140 79
81 140 87
81 141 72
81 141 143
81 142 76
81 142 82
81 142 84
81 142 142
81 143 145
81 143 147
81 144 79
81 144 91
81 146 149
81 148 92
81 149 88
81 149 90
81 149 156
81 150 87
81 150 94
81 151 92
81 152 97
81 155 98
82 105 97
82 107 94
82 107 99
82 108 15
82 108 29
82 108 91
82 108 93
82 108 98
82 109 89
82 109 96
82 110 17
82 110 93
82 110 95
82 110 101
82 111 16
82 111 91
82 111 100
82 111 105
82 112 21
82 112 85
82 112 90
82 112 98
82 112 103
82 113 19
82 113 81
82 113 88
82 113 95
82 113 97
82 113 102
82 114 18
82 114 27
82 114 32
82 114 100
82 114 107
82 114 109
82 115 16
82 115 24
82 115 31
82 115 39
82 115 99
82 115 105
82 116 29
82 116 36
82 116 43
82 116 48
82 116 104
82 116 109
82 117 21
82 117 26
82 117 34
82 117 41
82 117 46
82 117 102
82 117 107
82 118 19
82 118 24
82 118 38
82 118 39
82 118 45
82 118 53
82 118 101
82 118 106
82 119 17
82 119 23
82 119 31
82 119 43
82 119 104
82 120 29
82 120 35
82 120 40
82 120 103
82 120 116
82 121 33
82 121 38
82 121 47
82 121 52
82 121 113
82 121 115
82 122 31
82 122 37
82 122 50
82 122 111
82 122 118
82 123 42
82 123 43
82 123 49
82 123 110
82 123 115
82 123 117
82 123 123
82 124 40
82 124 47
82 124 61
82 124 113
82 125 39
82 125 45
82 125 64
82 125 112
82 125 120
82 125 125
82 126 37
82 126 56
82 126 71
82 126 117
82 126 119
82 126 124
82 127 115
82 127 122
82 128 53
82 128 58
82 128 71
82 128 119
82 128 121
82 128 126
82 129 51
82 129 56
82 129 70
82 129 124
82 130 61
82 130 77
82 130 123
82 130 129
82 131 73
82 131 75
82 131 128
82 132 63
82 132 126
82 133 62
82 133 70
82 133 75
82 133 125
82 134 74
82 134 135
82 134 142
82 135 65
82 135 86
82 135 120
82 136 132
82 136 137
82 137 67
82 137 130
82 137 135
82 137 140
82 138 86
82 138 139
82 139 78
82 139 91
82 139 132
82 139 137
82 139 146
82 140 76
82 140 83
82 140 136
82 140 142
82 141 75
82 141 93
82 141 141
82 142 71
82 142 139
82 143 77
82 143 83
82 143 85
82 143 138
82 143 143
82 144 89
82 144 146
82 144 148
82 145 85
82 147 155
82 148 86
82 149 93
82 150 89
82 150 91
82 154 154
82 155 95
82 156 99
82 156 104
82 159 97
83 104 88
83 106 85
83 106 98
83 107 90
83 107 92
83 108 25
83 108 88
83 108 95
83 108 100
83 109 16
83 109 87
83 109 92
83 109 94
83 109 99
83 110 20
83 110 90
83 110 97
83 111 18
83 111 89
83 111 94
83 111 96
83 112 17
83 112 25
83 112 33
83 112 87
83 112 92
83 113 22
83 113 23
83 113 86
83 113 91
83 113 104
83 113 113
83 114 12
83 114 20
83 114 30
83 114 35
83 114 36
83 114 103
83 115 19
83 115 28
83 115 101
83 115 108
83 115 110
83 116 17
83 116 26
83 116 32
83 116 40
83 116 50
83 116 66
83 116 98
83 116 100
83 116 106
83 117 15
83 117 23
83 117 30
83 117 49
83 117 105
83 117 110
83 118 22
83 118 35
83 118 103
83 118 108
83 118 115
83 119 20
83 119 25
83 119 34
83 119 46
83 119 107
83 119 112
83 119 114
83 120 18
83 120 24
83 120 44
83 120 51
83 120 105
83 120 110
83 120 119
83 121 22
83 121 30
83 121 42
83 121 54
83 121 56
83 121 102
83 121 109
83 121 117
83 122 48
83 122 61
83 122 68
83 122 107
83 122 114
83 122 116
83 123 46
83 123 51
83 123 60
83 123 112
83 123 119
83 124 43
83 124 44
83 124 50
83 124 56
83 124 63
83 124 111
83 124 116
83 124 118
83 125 34
83 125 55
83 125 67
83 125 109
83 125 114
83 126 53
83 126 58
83 126 60
83 126 126
83 127 52
83 127 57
83 127 64
83 127 77
83 127 125
83 128 50
83 128 60
83 128 62
83 128 123
83 128 128
83 129 47
83 129 72
83 129 74
83 129 120
83 129 122
83 129 127
83 130 71
83 130 118
83 130 125
83 131 69
83 131 122
83 131 124
83 131 130
83 131 137
83 132 129
83 132 134
83 133 73
83 133 85
83 133 127
83 133 132
83 134 63
83 134 71
83 134 124
83 134 126
83 134 131
83 134 137
83 135 75
83 135 82
83 135 129
83 135 136
83 135 143
83 136 66
83 136 73
83 136 78
83 136 80
83 136 87
83 136 134
83 137 72
83 137 77
83 137 133
83 138 70
83 138 75
83 138 89
83 138 136
83 139 74
83 139 80
83 139 82
83 139 130
83 139 135
83 140 72
83 140 79
83 140 133
83 140 152
83 141 84
83 141 143
83 142 81
83 142 96
83 142 142
83 143 74
83 143 140
83 143 145
83 143 147
83 144 71
83 144 139
83 145 90
83 145 137
83 145 142
83 145 147
83 145 149
83 146 86
83 146 88
83 146 154
83 147 139
83 147 144
83 148 88
83 148 149
83 149 87
83 149 148
83 150 94
83 150 151
83 151 90
83 151 92
83 152 96
83 152 157
83 153 94
83 154 99
83 154 145
83 155 98
83 156 96
83 156 101
83 157 100
83 162 104
84 108 27
84 108 91
84 108 93
84 109 19
84 109 89
84 110 17
84 110 24
84 110 40
84 110 93
84 110 95
84 110 100
84 111 16
84 111 21
84 111 22
84 111 86
84 111 91
84 111 98
84 112 19
84 112 37
84 112 83
84 112 90
84 112 95
84 112 97
84 113 18
84 113 34
84 113 93
84 113 102
84 114 16
84 114 32
84 114 46
84 114 92
84 114 100
84 114 105
84 115 13
84 115 14
84 115 31
84 115 97
84 115 99
84 115 104
84 115 112
84 116 34
84 116 102
84 116 109
84 116 111
84 117 26
84 117 27
84 117 33
84 117 46
84 117 101
84 117 107
84 118 24
84 118 38
84 118 39
84 118 45
84 118 50
84 118 106
84 119 36
84 119 104
84 119 116
84 120 41
84 120 103
84 120 113
84 120 115
84 121 38
84 121 111
84 121 120
84 122 37
84 122 42
84 122 43
84 122 50
84 122 110
84 122 118
84 123 28
84 123 35
84 123 40
84 123 49
84 123 69
84 123 108
84 123 115
84 123 117
84 123 122
84 123 130
84 124 33
84 124 47
84 124 66
84 124 113
84 124 120
84 125 57
84 125 59
84 125 117
84 125 119
84 125 125
84 125 130
84 126 63
84 126 68
84 126 115
84 126 124
84 127 59
84 127 66
84 127 114
84 127 122
84 127 127
84 128 58
84 128 65
84 128 119
84 128 121
84 128 126
84 129 51
84 129 56
84 129 61
84 129 83
84 129 117
84 129 129
84 130 48
84 130 73
84 130 75
84 130 116
84 130 123
84 130 128
84 131 58
84 131 67
84 131 72
84 131 119
84 131 126
84 132 70
84 132 79
84 132 123
84 132 125
84 133 62
84 133 69
84 133 75
84 133 77
84 133 135
84 134 65
84 134 67
84 134 133
84 135 59
84 135 72
84 135 84
84 135 132
84 135 138
84 136 83
84 136 130
84 136 137
84 137 67
84 137 79
84 137 81
84 137 88
84 137 135
84 137 140
84 137 142
84 138 78
84 138 134
84 138 139
84 139 76
84 139 85
84 139 90
84 139 132
84 139 137
84 139 142
84 140 75
84 140 81
84 140 141
84 141 73
84 141 87
84 141 134
84 141 139
84 141 153
84 142 70
84 142 83
84 142 85
84 142 144
84 142 146
84 143 77
84 143 95
84 143 97
84 143 143
84 143 150
84 144 73
84 144 89
84 144 146
84 145 85
84 146 91
84 146 138
84 146 143
84 147 87
84 147 89
84 147 142
84 147 155
84 148 86
84 148 93
84 148 154
84 149 89
84 149 150
84 149 157
84 150 88
84 150 149
84 151 86
84 151 152
84 152 151
84 153 158
84 154 156
84 155 153
84 156 99
84 157 95
84 157 97
84 160 103
85 104 88
85 106 85
85 106 90
85 108 16
85 108 25
85 108 100
85 109 28
85 109 85
85 109 92
85 109 94
85 110 20
85 110 21
85 110 27
85 110 84
85 110 90
85 110 97
85 111 18
85 111 25
85 111 41
85 111 89
85 111 94
85 111 96
85 112 17
85 112 22
85 112 87
85 112 92
85 113 15
85 113 20
85 113 29
85 113 84
85 113 104
85 114 12
85 114 19
85 114 27
85 114 35
85 114 36
85 114 103
85 115 17
85 115 24
85 115 25
85 115 33
85 115 40
85 115 101
85 115 106
85 116 14
85 116 15
85 116 22
85 116 32
85 116 37
85 116 38
85 116 52
85 116 100
85 116 105
85 117 12
85 117 21
85 117 30
85 117 35
85 117 103
85 117 112
85 118 19
85 118 27
85 118 34
85 118 47
85 118 100
85 118 102
85 118 108
85 119 17
85 119 25
85 119 32
85 119 46
85 119 51
85 119 107
85 119 127
85 120 24
85 120 30
85 120 44
85 120 49
85 120 105
85 120 110
85 120 117
85 121 41
85 121 42
85 121 48
85 121 104
85 121 109
85 121 114
85 122 53
85 122 107
85 122 112
85 123 38
85 123 43
85 123 104
85 123 111
85 123 119
85 124 41
85 124 50
85 124 55
85 124 109
85 124 116
85 124 118
85 125 53
85 125 62
85 125 67
85 125 114
85 126 46
85 126 58
85 126 60
85 126 65
85 126 113
85 127 50
85 127 57
85 127 64
85 127 125
85 127 130
85 128 48
85 128 55
85 128 60
85 128 62
85 128 123
85 128 128
85 129 54
85 129 59
85 129 74
85 129 120
85 129 122
85 129 127
85 129 132
85 130 52
85 130 57
85 130 71
85 130 118
85 130 125
85 130 130
85 131 50
85 131 56
85 131 69
85 131 74
85 131 117
85 131 122
85 131 124
85 131 129
85 132 68
85 132 73
85 132 120
85 132 127
85 132 134
85 133 80
85 133 124
85 133 126
85 133 132
85 134 70
85 134 76
85 134 78
85 134 122
85 134 131
85 134 136
85 135 75
85 135 82
85 135 87
85 135 129
85 135 134
85 136 73
85 136 78
85 136 85
85 136 128
85 136 133
85 136 139
85 137 58
85 137 77
85 137 84
85 137 90
85 137 131
85 137 138
85 138 75
85 138 80
85 138 82
85 138 89
85 138 136
85 138 148
85 139 79
85 139 87
85 139 135
85 140 72
85 140 77
85 140 86
85 140 133
85 140 143
85 140 145
85 141 76
85 141 82
85 141 150
85 142 81
85 142 94
85 142 140
85 142 149
85 142 154
85 143 93
85 143 139
85 143 145
85 143 147
85 143 157
85 144 78
85 144 96
85 144 98
85 144 144
85 144 151
85 145 95
85 145 142
85 145 147
85 145 149
85 145 154
85 146 86
85 146 146
85 146 153
85 147 144
85 147 149
85 148 83
85 148 88
85 148 90
85 148 143
85 148 156
85 149 87
85 149 94
85 149 100
85 149 146
85 149 155
85 150 90
85 150 92
85 150 151
85 151 150
85 152 87
85 152 96
85 152 148
85 152 153
85 152 155
85 153 94
85 153 99
85 154 98
85 154 150
85 155 103
85 157 100
85 158 96
85 158 98
85 162 100
85 162 109
85 163 173
86 102 87
86 107 77
86 109 17
86 109 26
86 110 86
86 110 95
86 110 100
86 111 21
86 111 22
86 111 85
86 111 91
86 111 98
86 112 19
86 112 33
86 112 97
86 112 102
86 113 18
86 113 100
86 114 16
86 114 39
86 114 92
86 114 97
86 114 99
86 114 105
86 115 13
86 115 14
86 115 28
86 115 90
86 115 104
86 116 11
86 116 25
86 116 26
86 116 34
86 116 41
86 116 102
86 117 23
86 117 33
86 117 106
86 117 119
86 118 22
86 118 31
86 118 36
86 118 104
86 119 20
86 119 29
86 119 35
86 119 43
86 119 48
86 119 101
86 119 103
86 120 33
86 120 40
86 120 41
86 120 47
86 120 52
86 121 25
86 121 38
86 121 45
86 121 50
86 121 111
86 122 28
86 122 49
86 122 110
86 122 115
86 122 117
86 123 69
86 123 79
86 123 113
86 124 44
86 124 57
86 124 59
86 124 120
86 125 42
86 125 64
86 125 69
86 125 110
86 125 117
86 125 119
86 126 35
86 126 54
86 126 63
86 126 68
86 126 115
86 127 53
86 127 61
86 127 71
86 127 73
86 127 114
86 127 119
86 127 121
86 128 51
86 128 58
86 128 65
86 128 70
86 128 117
86 128 126
86 128 131
86 129 48
86 129 56
86 129 68
86 129 77
86 129 116
86 129 124
86 129 129
86 130 55
86 130 60
86 130 67
86 130 80
86 130 121
86 130 123
86 130 128
86 131 53
86 131 58
86 131 63
86 131 72
86 131 79
86 131 119
86 131 126
86 132 62
86 132 70
86 132 75
86 132 77
86 132 118
86 132 123
86 132 125
86 132 136
86 132 138
86 133 69
86 133 74
86 133 121
86 133 135
86 134 47
86 134 72
86 134 120
86 134 133
86 134 138
86 134 140
86 135 84
86 135 132
86 135 137
86 136 69
86 136 83
86 136 88
86 136 130
86 136 135
86 137 79
86 137 81
86 137 86
86 137 100
86 137 127
86 137 129
86 137 134
86 138 78
86 138 85
86 138 91
86 138 125
86 138 132
86 138 139
86 139 76
86 139 81
86 139 83
86 139 90
86 139 129
86 139 131
86 139 137
86 139 142
86 140 75
86 140 80
86 140 88
86 140 95
86 140 136
86 140 141
86 141 87
86 141 92
86 141 134
86 141 139
86 141 144
86 141 146
86 141 153
86 142 85
86 142 90
86 142 138
86 142 143
86 143 82
86 143 89
86 143 97
86 143 141
86 144 85
86 144 87
86 144 133
86 144 140
86 144 146
86 144 148
86 144 158
86 145 70
86 145 97
86 145 99
86 145 145
86 146 91
86 146 137
86 146 155
86 147 74
86 147 81
86 147 87
86 147 89
86 147 94
86 147 142
86 147 154
86 148 72
86 148 86
86 148 140
86 148 150
86 148 152
86 149 91
86 150 88
86 151 100
86 151 146
86 151 154
86 152 144
86 153 97
86 153 149
86 154 95
86 154 100
86 154 148
86 154 153
86 155 92
86 155 99
86 155 160
86 156 158
86 156 163
86 157 155
86 158 101
86 158 160
86 159 99
86 161 99
86 162 105
86 163 101
87 103 88
87 104 86
87 106 83
87 106 90
87 106 92
87 107 80
87 107 95
87 108 87
87 108 94
87 109 20
87 109 21
87 109 28
87 109 90
87 110 18
87 110 27
87 110 33
87 110 89
87 112 15
87 112 22
87 112 23
87 112 92
87 112 104
87 113 20
87 113 27
87 113 35
87 113 91
87 113 103
87 114 19
87 114 24
87 114 25
87 114 32
87 114 101
87 115 17
87 115 22
87 115 98
87 115 100
87 116 14
87 116 15
87 116 21
87 116 37
87 116 38
87 116 105
87 117 12
87 117 19
87 117 35
87 117 103
87 117 108
87 118 24
87 118 54
87 118 107
87 119 14
87 119 23
87 119 32
87 119 46
87 119 98
87 119 105
87 119 112
87 120 30
87 120 44
87 120 54
87 120 104
87 120 110
87 121 27
87 121 41
87 121 42
87 121 48
87 121 61
87 121 109
87 121 114
87 122 46
87 122 51
87 122 107
87 122 112
87 123 38
87 123 50
87 123 106
87 123 111
87 123 116
87 123 118
87 124 68
87 124 80
87 124 102
87 124 109
87 124 114
87 125 53
87 125 58
87 125 60
87 125 67
87 126 43
87 126 52
87 126 57
87 126 125
87 127 55
87 127 64
87 127 123
87 128 40
87 128 62
87 128 72
87 128 74
87 128 120
87 128 122
87 129 38
87 129 59
87 129 71
87 129 118
87 129 127
87 130 44
87 130 50
87 130 69
87 130 78
87 130 125
87 131 47
87 131 56
87 131 68
87 131 74
87 131 76
87 131 81
87 131 115
87 131 122
87 131 124
87 131 129
87 131 134
87 132 64
87 132 66
87 132 73
87 132 80
87 132 120
87 132 127
87 132 132
87 133 44
87 133 52
87 133 71
87 133 76
87 133 78
87 133 119
87 133 124
87 133 126
87 133 131
87 133 137
87 134 70
87 134 83
87 134 122
87 134 129
87 134 136
87 135 66
87 135 73
87 135 82
87 135 87
87 135 121
87 135 126
87 135 128
87 135 134
87 136 65
87 136 72
87 136 80
87 136 85
87 136 133
87 136 138
87 137 55
87 137 63
87 137 70
87 137 77
87 137 84
87 137 89
87 137 131
87 137 136
87 138 75
87 138 80
87 138 82
87 138 87
87 138 101
87 138 128
87 138 130
87 138 135
87 139 74
87 139 79
87 139 86
87 139 133
87 140 72
87 140 77
87 140 82
87 140 84
87 140 130
87 140 132
87 140 143
87 140 145
87 140 150
87 141 81
87 141 94
87 141 128
87 141 142
87 142 74
87 142 79
87 142 93
87 142 140
87 142 145
87 142 147
87 143 91
87 143 100
87 143 144
87 143 152
87 143 157
87 144 74
87 144 137
87 144 142
87 145 86
87 145 88
87 145 95
87 145 136
87 145 141
87 145 147
87 145 149
87 145 154
87 146 71
87 146 93
87 146 98
87 146 100
87 146 139
87 146 146
87 146 153
87 147 83
87 147 92
87 147 97
87 147 144
87 147 151
87 147 156
87 148 88
87 148 95
87 148 100
87 148 143
87 148 148
87 148 155
87 149 94
87 149 99
87 149 146
87 149 151
87 149 153
87 150 90
87 150 92
87 150 97
87 150 140
87 150 145
87 150 158
87 151 96
87 151 148
87 152 92
87 152 94
87 152 101
87 152 147
87 152 153
87 153 99
87 154 98
87 154 150
87 155 101
87 155 149
87 155 162
87 156 93
87 156 100
87 157 91
87 157 157
87 157 169
87 158 156
87 158 168
87 161 104
87 161 109
87 161 156
87 162 102
87 162 107
87 162 173
87 163 106
87 164 104
87 164 111
87 165 175
87 166 108
88 108 89
88 109 17
88 109 88
88 110 21
88 110 22
88 110 86
88 110 91
88 111 19
88 111 33
88 111 34
88 111 83
88 111 90
88 111 98
88 112 18
88 112 31
88 112 95
88 112 102
88 113 30
88 113 38
88 113 93
88 113 100
88 115 25
88 115 26
88 115 33
88 115 102
88 116 23
88 116 32
88 116 94
88 117 22
88 117 30
88 117 38
88 117 39
88 117 106
88 118 20
88 118 27
88 118 28
88 118 43
88 119 18
88 119 25
88 119 35
88 119 40
88 119 41
88 120 24
88 120 33
88 120 38
88 120 47
88 120 52
88 120 99
88 121 30
88 121 37
88 121 45
88 121 118
88 122 115
88 122 117
88 123 33
88 123 47
88 123 108
88 124 57
88 124 59
88 124 64
88 124 112
88 124 117
88 124 119
88 125 37
88 125 63
88 125 76
88 125 115
88 126 54
88 126 59
88 126 61
88 126 68
88 126 75
88 126 122
88 127 58
88 127 71
88 127 119
88 128 36
88 128 51
88 128 56
88 128 65
88 128 117
88 128 124
88 129 48
88 129 49
88 129 55
88 129 61
88 129 63
88 129 68
88 129 73
88 129 75
88 129 121
88 129 123
88 130 53
88 130 67
88 130 72
88 130 119
88 130 128
88 131 45
88 131 50
88 131 58
88 131 63
88 131 65
88 131 70
88 131 126
88 132 43
88 132 48
88 132 57
88 132 69
88 132 75
88 132 77
88 132 116
88 132 123
88 132 125
88 133 55
88 133 65
88 133 67
88 133 74
88 133 87
88 134 59
88 134 72
88 134 132
88 135 62
88 135 71
88 135 84
88 135 130
88 136 49
88 136 54
88 136 61
88 136 83
88 136 88
88 136 127
88 136 129
88 136 135
88 136 140
88 136 149
88 137 66
88 137 81
88 137 86
88 137 91
88 137 125
88 137 134
88 138 51
88 138 57
88 138 78
88 138 90
88 138 132
88 138 137
88 138 146
88 139 76
88 139 81
88 139 88
88 139 129
88 139 131
88 139 136
88 140 87
88 140 93
88 140 95
88 140 134
88 140 141
88 140 148
88 141 78
88 141 83
88 141 85
88 141 92
88 141 99
88 141 133
88 141 139
88 141 144
88 141 146
88 141 151
88 142 90
88 142 95
88 142 138
88 142 143
88 142 150
88 143 75
88 143 80
88 143 94
88 143 136
88 143 141
88 143 146
88 144 72
88 144 85
88 144 87
88 144 140
88 144 145
88 145 75
88 145 84
88 145 91
88 145 97
88 145 131
88 145 138
88 145 143
88 146 69
88 146 74
88 146 87
88 146 89
88 146 142
88 146 155
88 147 67
88 147 72
88 147 81
88 147 94
88 147 140
88 147 154
88 148 71
88 148 93
88 148 139
88 148 150
88 148 152
88 148 157
88 149 89
88 149 91
88 149 101
88 149 103
88 149 149
88 149 156
88 149 162
88 150 79
88 150 81
88 150 88
88 150 100
88 150 147
88 150 154
88 151 98
88 151 146
88 151 151
88 151 159
88 152 85
88 152 97
88 152 144
88 152 149
88 152 158
88 153 156
88 154 100
88 154 105
88 154 107
88 154 160
88 155 99
88 155 151
88 155 156
88 155 158
88 156 95
88 156 97
88 156 102
88 156 155
88 156 163
88 157 101
88 157 107
88 157 162
88 158 99
88 159 104
88 159 157
88 160 103
88 161 101
88 161 106
88 161 111
88 161 159
88 162 105
88 163 101
88 163 174
88 164 107
88 165 103
88 166 176
89 108 16
89 109 20
89 110 32
89 110 80
89 110 89
89 111 17
89 111 22
89 111 23
89 111 87
89 112 20
89 112 34
89 112 35
89 113 19
89 114 17
89 114 24
89 114 25
89 114 31
89 114 86
89 115 14
89 115 15
89 115 22
89 115 29
89 115 36
89 115 84
89 116 21
89 116 26
89 116 27
89 116 34
89 117 19
89 117 33
89 118 17
89 118 31
89 118 52
89 119 21
89 119 29
89 119 110
89 119 124
89 120 41
89 120 42
89 120 109
89 120 122
89 121 39
89 121 53
89 121 60
89 121 114
89 122 106
89 122 112
89 122 119
89 123 63
89 123 102
89 123 111
89 124 33
89 124 34
89 124 114
89 125 40
89 125 46
89 125 65
89 125 113
89 126 38
89 126 50
89 126 57
89 126 111
89 127 55
89 127 60
89 127 62
89 127 76
89 127 81
89 128 45
89 128 54
89 128 59
89 128 72
89 128 120
89 128 122
89 129 52
89 129 57
89 129 78
89 129 118
89 130 35
89 130 50
89 130 69
89 130 74
89 130 76
89 130 122
89 130 124
89 131 39
89 131 54
89 131 68
89 131 73
89 131 120
89 131 129
89 132 64
89 132 71
89 133 49
89 133 76
89 133 78
89 133 83
89 133 124
89 133 126
89 133 131
89 134 61
89 134 66
89 134 68
89 134 82
89 134 88
89 134 90
89 134 129
89 135 78
89 135 87
89 136 58
89 136 124
89 136 131
89 137 56
89 137 62
89 137 68
89 137 70
89 137 75
89 137 89
89 137 128
89 137 130
89 137 136
89 138 60
89 138 74
89 138 80
89 138 82
89 138 87
89 138 126
89 138 135
89 139 52
89 139 65
89 139 70
89 139 79
89 139 86
89 139 133
89 139 147
89 140 77
89 140 82
89 140 98
89 140 130
89 140 132
89 140 143
89 140 145
89 141 62
89 141 94
89 141 96
89 141 142
89 141 154
89 142 72
89 142 93
89 142 100
89 142 127
89 142 140
89 142 145
89 142 152
89 143 78
89 143 91
89 143 96
89 143 98
89 143 139
89 143 144
89 143 151
89 144 62
89 144 90
89 144 95
89 144 137
89 144 142
89 144 147
89 144 149
89 144 156
89 145 73
89 145 93
89 145 102
89 145 134
89 145 141
89 145 146
89 145 159
89 146 66
89 146 85
89 146 92
89 146 100
89 146 139
89 146 144
89 146 158
89 147 83
89 147 90
89 147 97
89 147 138
89 147 143
89 147 149
89 147 151
89 147 156
89 148 68
89 148 95
89 148 100
89 148 102
89 148 141
89 148 148
89 149 80
89 149 94
89 149 99
89 149 106
89 149 140
89 149 146
89 149 151
89 149 153
89 149 158
89 150 77
89 150 92
89 150 97
89 150 104
89 150 145
89 150 150
89 151 75
89 151 96
89 151 101
89 151 148
89 151 155
89 152 79
89 152 87
89 152 92
89 152 94
89 152 99
89 152 147
89 152 152
89 153 98
89 153 104
89 153 145
89 153 150
89 154 96
89 155 67
89 155 101
89 155 147
89 155 161
89 156 79
89 156 100
89 157 164
89 158 108
89 158 110
89 158 163
89 159 159
89 159 161
89 159 171
89 160 105
89 160 158
89 160 165
89 161 104
89 161 161
89 162 100
89 162 102
89 162 107
89 162 160
89 163 106
89 163 158
89 164 109
89 165 108
89 170 112
90 109 17
90 110 21
90 111 19
90 111 71
90 112 18
90 114 13
90 114 28
90 114 33
90 114 97
90 115 25
90 115 26
90 115 32
90 115 102
90 116 23
90 116 30
90 116 37
90 116 38
90 117 22
90 117 27
90 117 28
90 117 35
90 118 20
90 118 25
90 118 34
90 118 103
90 119 18
90 119 32
90 119 40
90 120 22
90 120 29
90 120 30
90 120 64
90 120 111
90 121 37
90 121 43
90 121 123
90 122 26
90 122 35
90 122 40
90 122 49
90 122 115
90 123 24
90 123 32
90 123 33
90 123 39
90 123 113
90 124 56
90 124 64
90 124 103
90 124 124
90 125 29
90 125 34
90 125 110
90 125 115
90 126 114
90 126 121
90 127 25
90 127 51
90 127 58
90 127 71
90 127 117
90 128 36
90 128 37
90 128 49
90 128 56
90 128 63
90 129 34
90 129 46
90 129 55
90 129 68
90 129 73
90 129 121
90 129 123
90 130 33
90 130 45
90 130 53
90 130 58
90 130 67
90 130 72
90 130 119
90 131 23
90 131 57
90 131 63
90 131 65
90 131 70
90 131 77
90 131 123
90 131 125
90 132 62
90 132 74
90 133 52
90 133 53
90 133 65
90 133 72
90 134 59
90 134 71
90 134 84
90 134 132
90 135 62
90 135 67
90 135 69
90 135 89
90 135 130
90 136 66
90 136 79
90 136 134
90 137 78
90 137 86
90 137 125
90 137 132
90 138 57
90 138 76
90 138 131
90 138 137
90 138 142
90 139 54
90 139 81
90 139 83
90 139 88
90 139 93
90 139 95
90 139 136
90 139 141
90 140 58
90 140 71
90 140 87
90 140 92
90 140 134
90 140 139
90 140 153
90 141 36
90 141 56
90 141 83
90 141 85
90 141 90
90 141 131
90 141 138
90 141 144
90 142 68
90 142 82
90 142 89
90 142 95
90 142 97
90 142 136
90 142 143
90 143 67
90 143 73
90 143 75
90 143 80
90 143 85
90 143 94
90 143 133
90 143 135
90 143 141
90 143 146
90 143 148
90 144 72
90 144 79
90 144 97
90 144 99
90 145 70
90 145 75
90 145 82
90 145 91
90 145 96
90 145 130
90 145 138
90 145 143
90 145 157
90 146 69
90 146 74
90 146 87
90 146 89
90 146 94
90 146 137
90 146 142
90 146 160
90 147 86
90 147 93
90 147 154
90 147 159
90 148 65
90 148 76
90 148 84
90 148 91
90 148 137
90 148 139
90 148 150
90 148 152
90 149 74
90 149 88
90 149 101
90 149 103
90 149 149
90 149 156
90 149 161
90 150 86
90 150 100
90 150 147
90 150 152
90 150 154
90 150 159
90 151 98
90 151 103
90 151 105
90 151 146
90 151 151
90 151 158
90 152 97
90 152 102
90 152 144
90 152 149
90 152 154
90 152 156
90 152 163
90 153 93
90 153 95
90 153 100
90 153 109
90 153 153
90 153 161
90 154 78
90 154 99
90 154 105
90 154 107
90 154 151
90 154 160
90 155 95
90 155 97
90 155 104
90 155 156
90 155 158
90 156 89
90 156 94
90 156 102
90 156 109
90 156 155
90 156 162
90 157 101
90 157 106
90 157 153
90 157 160
90 157 167
90 158 104
90 158 157
90 158 165
90 159 103
90 159 109
90 159 111
90 159 155
90 159 164
90 160 99
90 160 101
90 160 108
90 160 160
90 160 162
90 161 93
90 161 106
90 161 159
90 162 105
90 164 107
90 164 164
90 165 98
90 165 103
90 165 176
90 168 112
90 168 178
90 169 111
90 171 113
90 172 111
91 99 13
91 108 78
91 109 20
91 110 18
91 110 30
91 112 15
91 112 20
91 112 27
91 112 35
91 112 72
91 113 12
91 113 13
91 113 19
91 113 24
91 113 25
91 113 32
91 113 76
91 114 17
91 114 22
91 115 15
91 115 21
91 115 98
91 116 19
91 116 26
91 116 33
91 116 103
91 117 17
91 117 24
91 117 38
91 117 39
91 118 23
91 118 28
91 118 29
91 118 36
91 119 35
91 119 44
91 120 33
91 120 41
91 120 42
91 121 30
91 121 39
91 121 46
91 122 38
91 122 44
91 122 58
91 122 63
91 123 41
91 123 50
91 123 55
91 124 40
91 124 53
91 125 125
91 126 30
91 127 60
91 127 62
91 127 122
91 128 25
91 128 74
91 129 38
91 129 57
91 129 71
91 130 22
91 130 27
91 130 56
91 130 69
91 130 122
91 130 124
91 131 40
91 131 54
91 131 68
91 131 73
91 131 80
91 131 120
91 132 66
91 132 71
91 132 78
91 133 49
91 133 63
91 134 20
91 134 66
91 134 82
91 134 129
91 134 139
91 135 60
91 135 94
91 135 126
91 136 43
91 136 63
91 136 68
91 136 84
91 136 90
91 136 131
91 136 136
91 137 62
91 137 67
91 137 80
91 137 135
91 138 53
91 138 65
91 138 79
91 138 87
91 138 133
91 139 52
91 139 58
91 139 64
91 139 70
91 139 77
91 139 86
91 139 132
91 139 143
91 140 69
91 140 82
91 140 84
91 140 94
91 140 128
91 140 142
91 141 72
91 141 81
91 141 93
91 141 154
91 142 57
91 142 66
91 142 71
91 142 79
91 142 91
91 142 100
91 142 139
91 142 145
91 142 147
91 143 64
91 143 69
91 143 90
91 143 96
91 143 98
91 143 137
91 143 156
91 144 74
91 144 76
91 144 86
91 144 88
91 144 95
91 144 102
91 144 134
91 144 136
91 144 142
91 144 147
91 144 149
91 145 73
91 145 85
91 145 93
91 145 98
91 145 100
91 145 132
91 145 146
91 146 92
91 146 97
91 146 144
91 146 149
91 146 158
91 147 82
91 147 88
91 147 90
91 147 95
91 147 138
91 147 143
91 147 156
91 148 68
91 148 87
91 148 100
91 148 102
91 148 146
91 148 155
91 148 160
91 149 66
91 149 85
91 149 90
91 149 92
91 149 99
91 149 145
91 149 151
91 149 153
91 149 158
91 150 97
91 150 102
91 150 104
91 150 143
91 150 150
91 151 80
91 151 82
91 151 87
91 151 96
91 151 101
91 151 148
91 151 153
91 151 155
91 152 79
91 152 86
91 152 94
91 152 99
91 152 104
91 152 106
91 152 147
91 152 152
91 152 165
91 153 98
91 153 103
91 153 145
91 153 150
91 154 89
91 154 94
91 154 96
91 154 101
91 154 162
91 155 66
91 155 93
91 155 100
91 155 161
91 155 166
91 156 86
91 156 96
91 156 98
91 156 157
91 156 159
91 156 164
91 157 69
91 157 95
91 157 110
91 157 156
91 157 163
91 157 169
91 157 171
91 158 81
91 158 107
91 158 159
91 158 161
91 158 168
91 159 85
91 159 158
91 160 104
91 160 112
91 160 156
91 160 165
91 160 170
91 161 100
91 161 102
91 161 168
91 162 99
91 162 107
91 162 112
91 162 160
91 162 167
91 163 106
91 163 163
91 164 104
91 164 109
91 164 116
91 164 162
91 165 108
91 165 165
91 166 104
91 166 106
91 168 101
91 168 106
91 168 108
91 168 169
91 170 112
91 171 110
91 171 176
91 172 114
91 173 112
92 100 13
92 107 19
92 108 17
92 109 16
92 109 24
92 110 21
92 111 19
92 111 31
92 111 81
92 112 18
92 112 85
92 113 16
92 114 13
92 114 14
92 114 25
92 114 26
92 115 23
92 115 32
92 116 22
92 116 30
92 116 35
92 117 20
92 117 27
92 117 34
92 118 18
92 118 25
92 119 24
92 119 30
92 121 19
92 121 26
92 121 42
92 121 43
92 121 49
92 122 40
92 122 47
92 123 21
92 123 22
92 123 39
92 123 45
92 123 64
92 124 37
92 124 63
92 125 35
92 125 59
92 126 32
92 127 56
92 127 65
92 127 70
92 128 34
92 128 68
92 129 60
92 130 50
92 130 63
92 130 72
92 131 23
92 131 48
92 131 62
92 131 70
92 132 21
92 132 55
92 132 69
92 133 45
92 133 52
92 133 53
92 134 64
92 134 84
92 135 35
92 135 55
92 135 69
92 135 83
92 135 88
92 135 130
92 135 140
92 136 61
92 136 79
92 136 139
92 137 44
92 137 59
92 137 64
92 137 78
92 137 85
92 137 137
92 138 49
92 138 57
92 138 81
92 138 83
92 138 136
92 139 134
92 139 154
92 140 53
92 140 71
92 140 87
92 140 139
92 140 146
92 141 70
92 141 83
92 141 85
92 141 90
92 141 95
92 141 129
92 141 138
92 141 143
92 142 68
92 142 73
92 142 82
92 142 89
92 142 94
92 142 136
92 143 67
92 143 72
92 143 85
92 143 92
92 143 101
92 143 140
92 143 146
92 143 148
92 144 51
92 144 70
92 144 84
92 144 91
92 144 97
92 144 99
92 144 131
92 144 157
92 145 77
92 145 82
92 145 87
92 145 89
92 145 96
92 145 143
92 146 67
92 146 81
92 146 94
92 146 142
92 147 59
92 147 72
92 147 77
92 147 79
92 147 84
92 147 93
92 147 150
92 147 159
92 148 76
92 148 83
92 148 89
92 148 91
92 148 105
92 148 149
92 148 157
92 149 69
92 149 74
92 149 88
92 149 103
92 149 147
92 149 156
92 149 161
92 150 73
92 150 86
92 150 100
92 150 152
92 150 159
92 151 64
92 151 71
92 151 85
92 151 98
92 151 103
92 151 105
92 151 144
92 151 151
92 151 158
92 151 163
92 152 75
92 152 83
92 152 97
92 152 102
92 152 109
92 152 149
92 152 154
92 153 80
92 153 95
92 153 100
92 153 105
92 153 148
92 153 153
92 153 160
92 153 166
92 154 92
92 154 99
92 154 104
92 154 146
92 154 151
92 154 156
92 154 158
92 155 90
92 155 95
92 155 97
92 155 102
92 155 150
92 155 155
92 155 163
92 156 67
92 156 89
92 156 94
92 156 101
92 156 107
92 156 109
92 156 148
92 156 153
92 156 162
92 156 167
92 157 97
92 157 99
92 157 106
92 157 158
92 157 160
92 157 165
92 158 96
92 158 104
92 158 109
92 158 157
92 158 164
92 159 103
92 159 108
92 159 160
92 159 162
92 160 99
92 160 101
92 160 106
92 160 159
92 161 98
92 161 105
92 161 113
92 161 171
92 162 103
92 162 110
92 162 169
92 163 108
92 163 168
92 164 107
92 164 164
92 165 105
92 165 115
92 165 163
92 165 170
92 166 102
92 166 168
92 167 112
92 167 180
92 168 111
92 169 109
92 169 170
92 170 174
92 171 113
92 171 179
92 173 115
92 174 113
92 175 117
92 176 176
93 101 14
93 107 16
93 108 77
93 109 70
93 110 80
93 111 15
93 111 29
93 111 72
93 111 79
93 112 27
93 113 19
93 113 24
93 113 86
93 114 17
93 114 22
93 114 29
93 114 37
93 114 84
93 115 14
93 115 15
93 115 21
93 115 26
93 115 27
93 115 41
93 116 19
93 116 33
93 116 38
93 117 17
93 117 23
93 118 21
93 118 29
93 118 35
93 119 26
93 119 41
93 120 38
93 121 28
93 121 37
93 122 50
93 123 18
93 123 48
93 123 67
93 124 22
93 124 53
93 124 58
93 126 60
93 127 17
93 127 24
93 127 33
93 127 48
93 128 32
93 128 52
93 128 57
93 129 49
93 130 27
93 130 68
93 131 51
93 131 80
93 132 24
93 132 49
93 133 22
93 133 36
93 133 61
93 133 70
93 134 34
93 134 60
93 134 78
93 135 38
93 135 58
93 135 85
93 135 133
93 135 138
93 136 22
93 136 36
93 136 41
93 136 55
93 136 56
93 136 70
93 137 34
93 137 40
93 137 62
93 137 67
93 138 60
93 138 65
93 139 50
93 139 58
93 139 64
93 139 77
93 139 82
93 139 84
93 140 55
93 141 54
93 141 59
93 141 66
93 141 72
93 141 74
93 141 93
93 141 140
93 141 147
93 142 52
93 142 57
93 142 64
93 142 71
93 142 78
93 142 91
93 142 98
93 143 42
93 143 61
93 143 90
93 144 54
93 144 68
93 144 86
93 144 134
93 144 141
93 145 71
93 145 85
93 145 92
93 145 98
93 145 100
93 145 146
93 146 83
93 146 88
93 146 90
93 146 97
93 146 104
93 146 144
93 146 149
93 146 156
93 147 82
93 147 95
93 147 100
93 147 102
93 147 143
93 147 148
93 148 66
93 148 94
93 148 99
93 148 141
93 148 146
93 148 160
93 149 58
93 149 84
93 149 90
93 149 92
93 149 97
93 149 106
93 149 138
93 149 158
93 150 80
93 150 89
93 150 96
93 150 102
93 150 104
93 150 148
93 151 87
93 151 92
93 151 94
93 151 101
93 151 142
93 151 147
93 151 153
93 152 86
93 152 91
93 152 99
93 152 104
93 152 106
93 152 152
93 152 164
93 153 82
93 153 89
93 153 103
93 153 150
93 153 162
93 154 74
93 154 81
93 154 88
93 154 94
93 154 96
93 154 149
93 154 161
93 155 84
93 155 93
93 155 100
93 155 157
93 155 159
93 156 83
93 156 91
93 156 96
93 156 156
93 157 95
93 157 108
93 157 110
93 157 154
93 157 163
93 157 168
93 158 93
93 158 107
93 158 159
93 158 161
93 158 166
93 159 105
93 159 110
93 159 158
93 159 171
93 160 104
93 160 109
93 160 156
93 160 161
93 160 163
93 160 170
93 161 100
93 161 107
93 161 160
93 162 99
93 162 106
93 162 114
93 162 158
93 162 172
93 163 102
93 163 104
93 163 111
93 163 118
93 163 163
93 163 165
93 163 170
93 163 175
93 164 101
93 164 109
93 164 114
93 164 162
93 164 169
93 165 108
93 165 160
93 165 165
93 165 167
93 165 172
93 166 104
93 166 106
93 166 116
93 167 110
93 167 162
93 167 167
93 167 169
93 168 106
93 168 108
93 168 181
93 169 112
93 170 110
93 171 175
93 171 181
93 172 114
93 172 180
93 173 112
93 176 118
93 179 186
93 180 189
94 100 14
94 108 17
94 109 73
94 111 18
94 111 81
94 112 16
94 112 30
94 112 80
94 113 13
94 114 25
94 114 32
94 115 23
94 115 30
94 116 22
94 116 28
94 117 20
94 117 25
94 118 17
94 118 18
94 119 15
94 119 22
94 120 41
94 121 39
94 123 21
94 123 45
94 124 19
94 124 33
94 125 18
94 126 30
94 127 14
94 127 56
94 127 61
94 128 25
94 128 55
94 129 33
94 129 46
94 129 53
94 129 67
94 130 45
94 130 50
94 130 57
94 130 63
94 131 48
94 131 69
94 132 26
94 132 41
94 132 52
94 132 65
94 134 71
94 135 35
94 135 54
94 135 55
94 135 79
94 136 33
94 136 39
94 136 52
94 136 59
94 136 134
94 137 42
94 137 51
94 137 64
94 137 76
94 137 85
94 137 142
94 138 54
94 138 63
94 138 83
94 138 141
94 139 61
94 139 71
94 139 87
94 140 31
94 140 36
94 140 44
94 140 58
94 140 59
94 140 78
94 140 83
94 141 82
94 142 67
94 142 73
94 143 53
94 143 65
94 143 85
94 143 92
94 143 97
94 143 99
94 143 145
94 144 63
94 144 77
94 144 84
94 144 91
94 144 96
94 144 143
94 145 69
94 145 74
94 145 82
94 145 94
94 145 155
94 146 67
94 146 72
94 146 81
94 146 86
94 147 57
94 147 64
94 147 65
94 147 71
94 147 84
94 147 89
94 147 91
94 147 150
94 147 157
94 148 83
94 148 101
94 148 103
94 148 149
94 149 67
94 149 74
94 149 79
94 149 86
94 149 147
94 149 152
94 149 154
94 149 161
94 150 59
94 150 64
94 150 73
94 150 85
94 150 98
94 150 159
94 150 164
94 151 71
94 151 97
94 151 103
94 151 105
94 152 68
94 152 75
94 152 93
94 152 95
94 152 102
94 152 143
94 152 156
94 152 161
94 153 92
94 153 100
94 153 105
94 153 107
94 153 112
94 153 153
94 153 165
94 154 77
94 154 90
94 154 99
94 154 104
94 154 111
94 154 156
94 154 158
94 154 163
94 155 95
94 155 97
94 155 102
94 155 107
94 155 109
94 155 150
94 155 155
94 156 85
94 156 94
94 156 106
94 156 158
94 157 92
94 157 97
94 157 99
94 157 104
94 157 113
94 157 157
94 158 91
94 158 96
94 158 103
94 158 109
94 158 111
94 158 150
94 158 155
94 158 164
94 159 94
94 159 99
94 159 101
94 159 108
94 159 160
94 159 162
94 160 98
94 160 106
94 160 111
94 160 113
94 160 159
94 160 172
94 160 174
94 161 96
94 161 105
94 161 110
94 161 157
94 161 171
94 162 95
94 162 101
94 162 103
94 162 108
94 162 169
94 163 100
94 163 107
94 163 168
94 163 173
94 164 103
94 164 105
94 164 164
94 164 171
94 165 102
94 165 115
94 165 117
94 165 170
94 166 95
94 166 114
94 166 161
94 166 168
94 166 173
94 167 165
94 168 111
94 168 116
94 168 170
94 169 167
94 169 175
94 169 182
94 170 113
94 170 119
94 170 174
94 171 109
94 171 111
94 171 170
94 171 177
94 172 176
94 172 182
94 173 115
94 173 174
94 173 181
94 174 113
94 175 117
94 176 176
94 177 119
94 180 180
94 181 190
95 109 75
95 110 74
95 111 72
95 112 19
95 113 25
95 113 31
95 113 67
95 114 14
95 115 21
95 115 26
95 115 27
95 117 16
95 117 17
95 118 14
95 118 35
95 118 40
95 118 41
95 119 19
95 120 16
95 120 37
95 121 15
95 121 20
95 121 35
95 122 18
95 122 33
95 122 40
95 122 55
95 123 39
95 123 48
95 124 23
95 125 34
95 125 50
95 126 19
95 126 24
95 127 54
95 128 15
95 128 52
95 128 57
95 129 19
95 129 26
95 129 49
95 130 34
95 130 47
95 131 32
95 132 29
95 132 63
95 133 34
95 133 48
95 133 66
95 133 75
95 133 82
95 134 26
95 134 31
95 135 43
95 135 72
95 136 36
95 136 68
95 137 34
95 138 38
95 138 52
95 138 57
95 138 58
95 138 65
95 138 72
95 139 35
95 139 55
95 139 84
95 139 142
95 140 48
95 140 67
95 140 72
95 141 32
95 141 45
95 141 52
95 141 60
95 141 66
95 142 49
95 142 50
95 142 57
95 142 64
95 142 69
95 142 78
95 142 98
95 142 157
95 143 28
95 143 56
95 143 68
95 143 90
95 144 27
95 144 59
95 144 66
95 144 86
95 144 161
95 145 64
95 145 92
95 145 165
95 146 56
95 146 83
95 146 88
95 146 95
95 146 149
95 147 54
95 147 60
95 147 68
95 147 82
95 147 87
95 147 94
95 147 100
95 147 102
95 147 148
95 148 65
95 148 66
95 148 78
95 148 80
95 148 90
95 148 92
95 148 99
95 148 146
95 148 151
95 149 84
95 149 89
95 149 97
95 149 102
95 149 104
95 150 75
95 150 80
95 150 82
95 150 87
95 150 96
95 150 101
95 150 153
95 150 155
95 151 74
95 151 86
95 151 92
95 151 94
95 151 99
95 151 140
95 151 147
95 151 165
95 152 57
95 152 82
95 152 84
95 152 91
95 152 98
95 152 104
95 152 106
95 152 164
95 153 55
95 153 81
95 153 89
95 153 94
95 153 96
95 153 103
95 154 79
95 154 88
95 154 93
95 154 101
95 154 161
95 154 166
95 155 66
95 155 84
95 155 91
95 155 100
95 155 159
95 156 76
95 156 83
95 156 90
95 156 96
95 156 98
95 156 108
95 156 156
95 157 95
95 157 107
95 158 66
95 158 93
95 158 105
95 158 114
95 158 158
95 158 173
95 159 104
95 159 110
95 159 112
95 159 156
95 160 100
95 160 102
95 160 109
95 160 161
95 160 168
95 161 99
95 161 107
95 161 112
95 161 114
95 161 173
95 162 97
95 162 106
95 162 111
95 162 163
95 162 172
95 163 102
95 163 104
95 163 109
95 164 101
95 164 108
95 164 116
95 164 160
95 164 169
95 164 174
95 165 104
95 165 106
95 165 165
95 165 167
95 165 172
95 166 103
95 166 111
95 166 118
95 166 164
95 166 171
95 167 110
95 167 115
95 167 162
95 167 167
95 167 169
95 167 183
95 168 108
95 168 113
95 169 105
95 169 112
95 169 117
95 169 164
95 170 103
95 170 108
95 170 110
95 170 115
95 170 176
95 170 183
95 171 114
95 171 175
95 171 180
95 172 98
95 172 105
95 172 112
95 172 173
95 172 178
95 173 177
95 173 183
95 175 180
95 176 118
95 176 179
95 176 184
95 177 116
95 177 182
95 178 120
95 178 181
95 179 116
95 179 118
95 179 184
95 181 188
96 110 12
96 112 16
96 112 64
96 113 14
96 114 11
96 114 26
96 114 75
96 116 28
96 118 17
96 118 18
96 118 24
96 119 15
96 119 42
96 121 17
96 122 16
96 122 21
96 122 22
96 123 33
96 123 41
96 124 18
96 124 63
96 125 16
96 125 53
96 127 63
96 129 22
96 129 53
96 130 20
96 130 57
96 131 25
96 131 40
96 131 41
96 131 48
96 131 60
96 132 47
96 132 52
96 132 65
96 132 72
96 133 45
96 133 64
96 134 49
96 134 55
96 135 47
96 135 52
96 135 66
96 136 30
96 136 39
96 136 44
96 136 45
96 136 59
96 137 29
96 137 42
96 137 49
96 137 56
96 137 63
96 137 81
96 137 97
96 138 35
96 138 46
96 138 61
96 138 141
96 139 44
96 139 58
96 139 73
96 140 36
96 140 70
96 140 90
96 140 99
96 141 75
96 141 89
96 142 38
96 142 53
96 142 67
96 142 72
96 142 101
96 143 51
96 143 65
96 143 70
96 143 79
96 143 97
96 144 62
96 144 69
96 144 77
96 144 91
96 145 60
96 145 67
96 145 87
96 145 89
96 146 64
96 146 65
96 146 72
96 146 166
96 147 71
96 147 76
96 147 84
96 147 89
96 147 105
96 148 69
96 148 83
96 148 88
96 148 103
96 149 67
96 149 79
96 149 86
96 149 159
96 150 64
96 150 71
96 150 78
96 150 85
96 150 98
96 150 105
96 151 69
96 151 76
96 151 81
96 151 83
96 151 97
96 151 163
96 152 93
96 152 109
96 152 161
96 153 65
96 153 78
96 153 92
96 153 105
96 153 107
96 153 151
96 154 56
96 154 63
96 154 90
96 154 95
96 154 97
96 154 104
96 154 168
96 155 89
96 155 94
96 155 102
96 155 107
96 155 109
96 155 162
96 156 67
96 156 72
96 156 73
96 156 92
96 156 101
96 156 106
96 156 153
96 156 160
96 157 84
96 157 97
96 157 99
96 157 104
96 157 109
96 158 89
96 158 96
96 158 108
96 158 160
96 158 162
96 159 67
96 159 86
96 159 94
96 159 99
96 159 101
96 159 106
96 159 159
96 160 93
96 160 98
96 160 105
96 160 111
96 160 113
96 161 91
96 161 101
96 161 103
96 161 110
96 162 95
96 162 100
96 162 108
96 162 174
96 162 181
96 163 91
96 163 98
96 163 107
96 163 164
96 163 173
96 164 97
96 164 103
96 164 105
96 164 163
96 164 171
96 164 176
96 165 115
96 165 117
96 166 100
96 166 114
96 166 168
96 166 173
96 167 112
96 167 117
96 167 119
96 167 172
96 168 97
96 168 111
96 168 116
96 168 170
96 168 175
96 169 107
96 169 109
96 169 114
96 169 174
96 169 182
96 170 113
96 170 118
96 170 172
96 171 109
96 171 116
96 171 169
96 171 177
96 172 115
96 172 121
96 172 181
96 173 113
96 173 172
96 173 174
96 173 179
96 174 118
96 174 178
96 175 117
96 175 176
96 176 120
96 177 119
96 178 117
96 178 183
96 179 182
96 180 119
96 180 178
96 186 120
96 191 119
97 100 15
97 109 73
97 111 13
97 113 65
97 113 74
97 114 15
97 114 21
97 114 63
97 116 16
97 116 31
97 117 14
97 119 18
97 119 25
97 120 16
97 120 43
97 121 15
97 122 18
97 122 25
97 123 17
97 123 22
97 123 30
97 124 15
97 124 20
97 124 35
97 125 19
97 125 27
97 126 17
97 126 25
97 126 31
97 127 15
97 127 22
97 127 29
97 128 21
97 128 27
97 130 23
97 130 40
97 130 54
97 131 21
97 131 28
97 131 29
97 131 51
97 132 41
97 132 42
97 132 49
97 133 25
97 133 39
97 134 31
97 134 38
97 136 75
97 137 31
97 137 40
97 137 65
97 138 30
97 138 50
97 138 57
97 138 70
97 139 36
97 139 47
97 139 48
97 139 55
97 140 54
97 140 67
97 140 72
97 140 101
97 141 44
97 141 52
97 141 100
97 142 50
97 142 69
97 142 90
97 143 47
97 143 61
97 143 62
97 143 68
97 143 73
97 144 46
97 144 52
97 144 59
97 144 66
97 144 71
97 144 98
97 145 44
97 145 63
97 145 64
97 145 97
97 146 56
97 146 68
97 146 82
97 146 100
97 147 54
97 147 60
97 147 66
97 147 78
97 147 80
97 148 63
97 148 90
97 148 97
97 149 36
97 149 56
97 149 62
97 149 75
97 149 84
97 149 89
97 149 102
97 149 104
97 150 60
97 150 74
97 150 80
97 150 82
97 150 87
97 150 92
97 150 94
97 151 46
97 151 58
97 151 72
97 151 79
97 151 86
97 151 91
97 151 104
97 152 55
97 152 77
97 152 89
97 152 98
97 152 164
97 153 67
97 153 94
97 153 101
97 154 66
97 154 79
97 154 84
97 154 86
97 154 93
97 154 100
97 155 64
97 155 78
97 155 83
97 155 91
97 155 96
97 155 98
97 155 159
97 156 69
97 156 81
97 156 95
97 156 108
97 157 73
97 157 93
97 157 107
97 157 114
97 158 71
97 158 85
97 158 105
97 158 110
97 159 76
97 159 90
97 159 104
97 159 109
97 159 161
97 160 100
97 160 102
97 160 107
97 161 80
97 161 99
97 161 106
97 161 112
97 161 114
97 161 167
97 162 97
97 162 102
97 162 104
97 162 111
97 162 163
97 162 170
97 163 96
97 163 101
97 163 109
97 163 114
97 163 116
97 163 169
97 163 175
97 163 177
97 164 99
97 164 108
97 164 113
97 164 165
97 164 167
97 164 174
97 165 104
97 165 106
97 165 111
97 165 172
97 166 89
97 166 103
97 166 110
97 166 116
97 166 118
97 166 171
97 167 101
97 167 106
97 167 108
97 167 115
97 167 169
97 168 105
97 168 113
97 168 118
97 168 120
97 168 178
97 169 176
97 169 185
97 170 108
97 170 110
97 170 115
97 170 175
97 170 188
97 171 107
97 171 114
97 171 173
97 171 187
97 172 110
97 172 112
97 172 178
97 172 185
97 173 177
97 174 121
97 174 175
97 174 180
97 174 189
97 175 119
97 175 185
97 176 118
97 176 175
97 176 177
97 177 114
97 177 116
97 177 187
97 178 120
97 178 125
97 178 181
97 178 186
97 179 116
97 179 118
97 179 184
97 179 189
97 179 191
97 180 115
97 181 118
97 181 120
97 184 188
97 186 122
98 96 12
98 99 13
98 111 16
98 112 14
98 112 78
98 113 26
98 117 17
98 118 15
98 120 19
98 120 20
98 121 17
98 121 44
98 122 16
98 122 21
98 122 22
98 123 14
98 123 19
98 123 33
98 124 18
98 124 31
98 124 59
98 125 16
98 126 14
98 126 28
98 127 25
98 127 26
98 127 32
98 128 23
98 129 27
98 129 28
98 129 50
98 130 25
98 130 48
98 131 24
98 131 41
98 132 22
98 132 29
98 132 30
98 132 59
98 133 27
98 133 42
98 133 43
98 133 50
98 133 62
98 134 35
98 134 49
98 134 55
98 135 32
98 135 39
98 135 52
98 135 59
98 136 30
98 136 45
98 136 56
98 136 57
98 137 35
98 137 54
98 138 32
98 138 41
98 138 46
98 138 61
98 139 31
98 139 39
98 139 51
98 139 58
98 139 71
98 139 73
98 140 37
98 140 43
98 140 48
98 141 41
98 141 46
98 141 55
98 141 73
98 141 75
98 142 39
98 142 72
98 142 101
98 143 31
98 143 36
98 143 51
98 143 65
98 143 70
98 143 91
98 144 48
98 144 62
98 144 63
98 144 69
98 144 89
98 145 72
98 145 81
98 146 31
98 146 64
98 146 77
98 146 93
98 146 105
98 147 30
98 147 62
98 147 76
98 147 83
98 148 61
98 148 66
98 148 67
98 148 74
98 148 79
98 149 73
98 149 78
98 150 63
98 150 71
98 150 76
98 150 85
98 150 103
98 150 105
98 151 69
98 151 75
98 151 83
98 151 93
98 151 161
98 152 59
98 152 92
98 152 105
98 152 107
98 153 65
98 153 71
98 153 78
98 153 90
98 153 99
98 153 112
98 154 49
98 154 68
98 154 77
98 154 89
98 154 95
98 154 111
98 154 168
98 155 53
98 155 75
98 155 85
98 155 94
98 155 101
98 155 107
98 155 109
98 155 162
98 156 58
98 156 65
98 156 72
98 156 73
98 156 92
98 156 97
98 156 99
98 157 70
98 157 82
98 157 91
98 157 104
98 157 111
98 157 116
98 158 103
98 158 108
98 158 115
98 158 162
98 159 79
98 159 93
98 159 99
98 159 101
98 159 111
98 159 113
98 160 91
98 160 98
98 160 105
98 160 110
98 161 101
98 161 103
98 161 108
98 161 176
98 162 95
98 162 100
98 162 107
98 162 168
98 162 173
98 162 181
98 163 85
98 163 98
98 163 103
98 163 105
98 163 171
98 164 97
98 164 102
98 164 115
98 164 117
98 164 170
98 164 176
98 164 178
98 164 183
98 165 100
98 165 114
98 165 166
98 165 168
98 165 175
98 166 112
98 166 173
98 166 185
98 167 111
98 167 117
98 167 119
98 167 172
98 167 177
98 168 107
98 168 109
98 168 116
98 168 170
98 168 175
98 168 180
98 169 106
98 169 114
98 169 119
98 169 121
98 169 174
98 169 179
98 170 104
98 170 113
98 170 118
98 170 170
98 170 177
98 170 186
98 171 109
98 171 111
98 171 116
98 171 121
98 171 176
98 171 184
98 172 115
98 172 120
98 172 172
98 172 181
98 173 111
98 173 113
98 173 118
98 173 179
98 174 110
98 174 117
98 174 178
98 175 115
98 175 122
98 175 174
98 175 190
98 176 120
98 176 186
98 177 119
98 177 185
98 178 115
98 179 114
98 179 121
98 179 182
98 180 112
98 180 119
98 183 186
98 185 123
98 188 122
99 97 13
99 107 15
99 111 59
99 113 14
99 113 15
99 114 27
99 116 16
99 116 17
99 116 23
99 117 14
99 119 16
99 120 15
99 120 23
99 121 13
99 121 20
99 121 21
99 122 18
99 122 25
99 123 17
99 123 22
99 123 23
99 124 15
99 124 20
99 125 13
99 125 19
99 125 24
99 125 25
99 125 32
99 126 17
99 126 22
99 127 15
99 127 21
99 127 29
99 128 14
99 128 19
99 128 26
99 128 27
99 128 33
99 129 17
99 129 31
99 129 54
99 130 23
99 130 28
99 130 29
99 131 21
99 131 26
99 132 42
99 132 66
99 133 39
99 133 46
99 134 43
99 134 44
99 134 58
99 135 68
99 136 17
99 136 33
99 136 40
99 137 38
99 137 52
99 137 57
99 138 35
99 138 36
99 138 50
99 138 77
99 139 48
99 139 54
99 139 62
99 140 45
99 140 52
99 140 74
99 141 50
99 141 57
99 142 42
99 142 56
99 142 69
99 142 74
99 143 25
99 143 27
99 143 40
99 143 46
99 143 73
99 144 37
99 144 66
99 144 71
99 144 92
99 145 56
99 145 63
99 145 70
99 145 90
99 145 104
99 146 61
99 146 68
99 147 32
99 147 60
99 147 65
99 147 78
99 147 94
99 149 62
99 149 75
99 149 80
99 150 33
99 150 60
99 150 74
99 150 79
99 150 92
99 151 57
99 151 72
99 151 77
99 151 86
99 151 91
99 152 50
99 152 70
99 152 76
99 152 82
99 152 84
99 152 89
99 153 67
99 153 81
99 153 88
99 153 93
99 153 167
99 154 66
99 154 71
99 154 79
99 154 84
99 154 86
99 154 91
99 154 100
99 154 159
99 155 50
99 155 69
99 155 78
99 155 90
99 155 96
99 155 112
99 155 171
99 156 86
99 156 95
99 156 108
99 156 110
99 156 163
99 156 175
99 157 66
99 157 73
99 157 74
99 157 80
99 157 93
99 158 71
99 158 83
99 158 92
99 158 105
99 158 110
99 159 61
99 159 75
99 159 90
99 159 104
99 159 116
99 159 161
99 160 100
99 160 102
99 160 107
99 160 112
99 161 78
99 161 85
99 161 99
99 161 106
99 161 111
99 162 97
99 162 102
99 162 104
99 162 109
99 162 170
99 162 177
99 163 101
99 163 114
99 163 116
99 163 169
99 164 80
99 164 92
99 164 99
99 164 104
99 164 106
99 164 113
99 164 172
99 165 98
99 165 103
99 165 111
99 165 116
99 165 118
99 165 184
99 166 101
99 166 110
99 166 115
99 166 169
99 167 106
99 167 108
99 167 113
99 167 186
99 168 105
99 168 112
99 168 118
99 168 120
99 168 178
99 169 103
99 169 108
99 169 110
99 169 117
99 169 176
99 169 181
99 170 107
99 170 115
99 170 180
99 171 92
99 171 105
99 171 114
99 171 171
99 172 110
99 172 112
99 172 122
99 172 177
99 172 185
99 172 190
99 173 109
99 173 121
99 173 182
99 173 189
99 174 119
99 174 180
99 174 185
99 174 187
99 175 118
99 175 184
99 176 116
99 176 191
99 177 113
99 177 121
99 177 181
99 177 187
99 178 120
99 179 116
99 180 115
99 180 122
99 180 127
99 180 188
99 181 113
99 181 118
99 181 120
99 183 120
99 183 122
99 184 119
99 184 187
99 185 192
99 186 122
99 186 124
99 186 190
99 188 124
99 189 123
99 198 134
100 98 13
100 112 60
100 117 17
100 117 18
100 117 24
100 117 32
100 118 15
100 119 19
100 119 20
100 120 17
100 121 16
100 122 14
100 122 21
100 123 12
100 123 19
100 124 18
100 125 16
100 126 14
100 126 25
100 127 11
100 127 23
100 128 22
100 128 30
100 128 58
100 129 20
100 129 28
100 129 34
100 129 42
100 130 25
100 130 32
100 131 15
100 131 24
100 131 29
100 131 30
100 131 37
100 131 65
100 132 27
100 132 50
100 133 34
100 134 17
100 134 31
100 134 32
100 134 66
100 135 29
100 135 52
100 135 59
100 135 64
100 136 28
100 136 37
100 136 51
100 137 13
100 137 34
100 137 41
100 137 49
100 137 54
100 138 46
100 138 47
100 138 53
100 138 58
100 138 59
100 139 56
100 140 43
100 140 55
100 142 24
100 142 51
100 142 72
100 143 29
100 143 43
100 143 63
100 143 70
100 144 28
100 144 40
100 144 60
100 144 74
100 145 33
100 145 38
100 145 45
100 145 59
100 145 67
100 145 77
100 145 79
100 146 71
100 146 91
100 147 55
100 147 69
100 147 74
100 148 61
100 148 66
100 148 67
100 148 73
100 148 79
100 149 59
100 149 71
100 150 56
100 150 68
100 150 69
100 150 81
100 151 54
100 151 61
100 151 66
100 151 75
100 151 80
100 151 93
100 152 65
100 152 73
100 152 78
100 152 112
100 153 63
100 153 70
100 153 71
100 153 77
100 153 90
100 154 49
100 154 68
100 154 75
100 154 89
100 154 94
100 154 162
100 155 67
100 155 72
100 155 73
100 155 85
100 155 87
100 155 92
100 155 101
100 155 114
100 155 160
100 156 84
100 156 97
100 156 113
100 157 48
100 157 96
100 157 111
100 157 155
100 157 176
100 158 81
100 158 94
100 158 99
100 158 101
100 158 115
100 159 45
100 159 79
100 159 84
100 159 93
100 159 106
100 159 111
100 160 76
100 160 77
100 160 96
100 160 105
100 160 110
100 161 81
100 161 95
100 161 103
100 161 108
100 161 174
100 161 181
100 162 79
100 162 91
100 162 107
100 163 85
100 163 103
100 163 105
100 163 171
100 163 176
100 163 178
100 164 97
100 164 102
100 164 115
100 164 117
100 165 87
100 165 100
100 165 114
100 165 182
100 166 112
100 166 117
100 166 119
100 166 172
100 166 178
100 167 111
100 167 116
100 167 177
100 168 107
100 168 109
100 168 114
100 168 187
100 169 92
100 169 106
100 169 113
100 169 119
100 169 121
100 169 174
100 169 179
100 170 104
100 170 109
100 170 118
100 170 170
100 170 177
100 171 108
100 171 116
100 171 121
100 171 181
100 172 99
100 172 106
100 172 115
100 172 120
100 173 111
100 173 113
100 173 118
100 173 123
100 173 125
100 173 191
100 174 110
100 174 117
100 174 122
100 175 108
100 175 113
100 175 115
100 175 120
100 175 186
100 176 112
100 176 119
100 176 125
100 176 185
100 177 110
100 177 115
100 177 117
100 177 183
100 178 114
100 179 107
100 179 112
100 179 121
100 179 187
100 180 111
100 180 119
100 181 189
100 183 125
100 184 123
100 187 123
100 187 125
100 188 122
100 190 124
100 192 121
101 97 12
101 106 15
101 109 17
101 113 14
101 115 16
101 115 17
101 116 14
101 118 18
101 118 19
101 119 16
101 120 20
101 121 18
101 122 17
101 123 15
101 124 13
101 124 20
101 125 19
101 126 17
101 126 22
101 127 15
101 127 21
101 127 26
101 128 12
101 128 14
101 128 19
101 128 24
101 128 46
101 129 11
101 129 17
101 129 23
101 130 21
101 130 28
101 130 29
101 131 19
101 131 26
101 132 16
101 132 66
101 133 15
101 135 20
101 135 32
101 135 33
101 135 67
101 136 17
101 136 30
101 136 53
101 137 29
101 137 64
101 138 36
101 138 55
101 139 48
101 139 60
101 140 24
101 140 45
101 141 44
101 141 56
101 141 64
101 142 42
101 142 62
101 143 25
101 143 27
101 143 39
101 143 59
101 143 66
101 143 73
101 144 49
101 144 58
101 144 63
101 145 48
101 145 61
101 145 95
101 146 53
101 146 60
101 146 68
101 146 94
101 147 65
101 147 77
101 147 92
101 148 29
101 148 50
101 148 55
101 148 56
101 148 63
101 148 75
101 149 40
101 149 62
101 149 74
101 150 52
101 150 72
101 151 57
101 151 69
101 151 70
101 151 77
101 151 91
101 151 98
101 152 48
101 152 55
101 152 67
101 152 76
101 152 81
101 152 89
101 152 96
101 153 45
101 153 74
101 153 79
101 153 88
101 153 100
101 154 44
101 154 52
101 154 84
101 154 86
101 155 61
101 155 62
101 155 69
101 155 76
101 155 83
101 155 90
101 155 108
101 155 110
101 156 47
101 156 59
101 156 73
101 156 81
101 156 86
101 156 88
101 156 93
101 157 66
101 157 80
101 157 85
101 157 92
101 157 114
101 158 70
101 158 83
101 158 88
101 159 68
101 159 75
101 159 76
101 159 82
101 159 100
101 159 102
101 159 116
101 159 168
101 160 60
101 160 66
101 160 80
101 160 85
101 160 99
101 161 118
101 161 163
101 162 70
101 162 82
101 162 102
101 162 104
101 162 175
101 163 67
101 163 113
101 164 99
101 164 104
101 164 106
101 164 111
101 165 89
101 165 103
101 165 110
101 165 116
101 165 118
101 166 88
101 166 106
101 166 108
101 166 115
101 166 169
101 166 183
101 167 105
101 167 113
101 167 118
101 167 120
101 168 64
101 168 84
101 168 91
101 168 103
101 168 112
101 168 117
101 168 178
101 169 95
101 169 108
101 169 110
101 169 115
101 169 176
101 170 107
101 170 175
101 170 180
101 170 187
101 171 105
101 171 110
101 171 112
101 171 183
101 171 192
101 172 104
101 172 109
101 172 122
101 172 124
101 173 107
101 173 121
101 173 175
101 173 180
101 173 189
101 174 85
101 174 106
101 174 119
101 174 124
101 175 104
101 175 118
101 175 184
101 175 191
101 176 114
101 176 116
101 176 121
101 176 187
101 177 113
101 177 120
101 177 126
101 177 181
101 178 111
101 178 116
101 178 118
101 178 179
101 178 184
101 179 115
101 180 108
101 180 113
101 180 122
101 180 188
101 181 112
101 181 118
101 181 120
101 182 117
101 182 124
101 183 115
101 183 122
101 184 126
101 185 122
101 185 124
101 186 121
101 188 124
101 200 134
102 109 60
102 112 72
102 116 17
102 117 15
102 119 20
102 120 17
102 121 16
102 122 14
102 123 18
102 124 16
102 125 14
102 126 25
102 127 23
102 128 22
102 128 27
102 129 20
102 129 25
102 130 18
102 130 24
102 131 15
102 131 22
102 131 29
102 131 30
102 131 36
102 132 20
102 132 34
102 133 17
102 133 19
102 133 26
102 133 31
102 133 39
102 134 16
102 134 29
102 134 38
102 134 52
102 135 14
102 135 36
102 136 19
102 136 21
102 136 34
102 136 49
102 137 18
102 137 31
102 138 16
102 138 21
102 138 30
102 138 39
102 138 44
102 138 58
102 138 71
102 139 20
102 139 51
102 140 18
102 140 49
102 140 55
102 140 73
102 141 33
102 141 38
102 141 53
102 142 22
102 142 70
102 143 35
102 143 43
102 143 69
102 144 26
102 144 28
102 144 33
102 144 40
102 144 47
102 144 60
102 144 67
102 145 31
102 145 38
102 145 45
102 145 59
102 145 64
102 145 65
102 146 28
102 146 30
102 146 37
102 146 43
102 146 76
102 147 35
102 147 40
102 147 69
102 147 79
102 147 81
102 148 59
102 148 73
102 148 78
102 149 24
102 149 51
102 149 57
102 149 71
102 150 68
102 150 81
102 150 102
102 151 53
102 151 66
102 151 73
102 152 70
102 152 78
102 152 92
102 153 43
102 153 49
102 153 68
102 153 77
102 153 90
102 153 95
102 154 41
102 154 67
102 154 94
102 154 114
102 155 53
102 155 58
102 155 72
102 155 73
102 155 85
102 155 87
102 155 92
102 155 97
102 155 113
102 156 62
102 156 63
102 156 84
102 156 91
102 156 111
102 157 55
102 157 69
102 157 82
102 157 87
102 157 89
102 157 94
102 158 59
102 158 86
102 158 93
102 158 101
102 159 50
102 159 57
102 159 79
102 159 89
102 159 98
102 159 105
102 159 113
102 160 55
102 160 76
102 160 77
102 160 83
102 160 103
102 160 169
102 161 47
102 161 61
102 161 86
102 161 95
102 161 108
102 162 85
102 162 93
102 162 98
102 162 107
102 162 171
102 163 71
102 163 103
102 163 105
102 163 117
102 163 178
102 163 183
102 164 93
102 164 114
102 164 175
102 165 87
102 165 112
102 165 180
102 166 117
102 166 119
102 167 75
102 167 83
102 167 89
102 167 107
102 167 109
102 167 116
102 167 170
102 168 106
102 168 114
102 168 119
102 168 121
102 169 92
102 169 104
102 169 118
102 169 179
102 170 91
102 170 103
102 170 109
102 170 111
102 170 116
102 171 101
102 171 108
102 171 121
102 171 181
102 172 106
102 172 111
102 172 113
102 172 120
102 172 193
102 173 110
102 173 118
102 173 123
102 173 178
102 174 108
102 174 117
102 174 122
102 174 190
102 175 107
102 175 113
102 175 120
102 175 125
102 176 105
102 176 112
102 176 119
102 177 102
102 177 110
102 177 117
102 177 122
102 177 183
102 177 188
102 178 114
102 178 121
102 179 112
102 179 117
102 179 119
102 180 111
102 180 116
102 181 109
102 181 114
102 182 113
102 183 125
102 184 123
102 185 120
102 185 127
102 186 123
102 186 125
102 187 122
102 189 125
102 192 126
102 197 125
102 199 127
102 201 137
103 106 15
103 115 16
103 121 18
103 122 17
103 123 15
103 123 35
103 125 17
103 126 15
103 126 22
103 127 12
103 127 14
103 127 21
103 127 26
103 127 46
103 128 19
103 128 24
103 129 17
103 129 23
103 129 28
103 129 43
103 130 14
103 130 16
103 130 21
103 130 26
103 131 13
103 131 19
103 131 25
103 131 38
103 132 16
103 132 23
103 133 15
103 133 21
103 133 35
103 134 18
103 134 32
103 134 40
103 135 17
103 137 14
103 137 35
103 138 67
103 139 22
103 139 24
103 139 45
103 139 54
103 139 59
103 140 21
103 141 19
103 141 56
103 142 26
103 142 39
103 142 59
103 143 23
103 143 52
103 144 36
103 144 44
103 144 49
103 144 56
103 144 63
103 144 70
103 145 34
103 145 54
103 145 61
103 145 68
103 146 39
103 146 60
103 146 65
103 146 66
103 147 29
103 147 38
103 147 43
103 147 44
103 147 63
103 148 36
103 148 56
103 148 80
103 149 60
103 149 74
103 149 87
103 150 33
103 150 52
103 150 57
103 150 72
103 150 77
103 150 152
103 151 69
103 152 47
103 152 74
103 152 101
103 153 38
103 153 45
103 153 66
103 153 71
103 153 72
103 153 86
103 153 93
103 154 37
103 154 44
103 154 49
103 154 50
103 154 64
103 154 69
103 154 83
103 155 61
103 155 68
103 155 76
103 155 90
103 156 66
103 156 74
103 156 80
103 156 93
103 157 58
103 157 85
103 157 92
103 157 112
103 158 75
103 158 76
103 158 83
103 158 88
103 158 90
103 159 54
103 159 68
103 159 73
103 159 82
103 159 100
103 159 102
103 159 116
103 160 80
103 160 85
103 160 99
103 160 106
103 160 112
103 160 114
103 160 172
103 161 55
103 161 84
103 161 102
103 161 104
103 161 118
103 162 67
103 162 68
103 162 96
103 162 101
103 162 116
103 163 79
103 163 99
103 163 113
103 163 172
103 164 91
103 164 104
103 164 106
103 164 118
103 164 184
103 165 70
103 165 103
103 165 115
103 166 101
103 166 106
103 166 108
103 167 118
103 167 120
103 167 178
103 168 83
103 168 84
103 168 103
103 168 108
103 168 110
103 168 117
103 168 185
103 169 95
103 169 107
103 169 115
103 169 188
103 170 66
103 170 80
103 170 93
103 170 105
103 171 92
103 171 110
103 171 112
103 172 95
103 172 109
103 172 122
103 172 124
103 172 182
103 172 189
103 173 99
103 173 107
103 173 121
103 174 106
103 174 119
103 174 124
103 174 126
103 174 179
103 174 184
103 175 123
103 176 101
103 176 114
103 176 121
103 176 126
103 176 187
103 176 189
103 177 113
103 177 120
103 177 125
103 177 193
103 178 98
103 178 111
103 178 123
103 179 110
103 179 115
103 179 122
103 179 128
103 180 113
103 180 118
103 180 127
103 181 117
103 181 125
103 182 110
103 182 115
103 182 124
103 183 114
103 183 122
103 183 127
103 184 126
103 185 117
103 185 122
103 185 124
103 186 116
103 186 121
103 186 128
103 187 124
103 187 126
103 188 123
103 193 127
103 195 124
103 196 129
103 197 132
103 199 134
104 100 15
104 103 15
104 111 13
104 116 17
104 124 16
104 127 44
104 128 22
104 128 27
104 129 20
104 129 25
104 130 18
104 130 24
104 130 29
104 131 15
104 131 17
104 131 27
104 131 42
104 132 14
104 132 20
104 132 26
104 132 62
104 133 12
104 133 24
104 133 32
104 134 22
104 135 19
104 135 41
104 135 51
104 136 18
104 137 16
104 138 21
104 138 23
104 138 36
104 139 48
104 140 18
104 140 23
104 141 17
104 141 39
104 141 45
104 141 53
104 143 27
104 143 35
104 143 48
104 144 47
104 144 72
104 145 31
104 145 37
104 145 45
104 146 28
104 146 35
104 146 42
104 146 62
104 147 40
104 147 52
104 147 61
104 147 67
104 147 74
104 148 39
104 148 59
104 148 64
104 148 78
104 149 56
104 149 57
104 149 63
104 149 71
104 149 81
104 150 46
104 150 47
104 150 61
104 150 75
104 151 26
104 151 66
104 152 43
104 152 65
104 152 71
104 152 90
104 153 41
104 153 55
104 153 109
104 154 39
104 154 87
104 154 94
104 155 50
104 155 51
104 155 65
104 155 92
104 156 43
104 156 48
104 156 62
104 156 69
104 156 111
104 157 55
104 157 60
104 157 67
104 157 89
104 158 52
104 158 79
104 158 86
104 158 98
104 158 106
104 158 113
104 159 57
104 159 89
104 159 105
104 160 55
104 160 61
104 160 95
104 161 73
104 161 91
104 161 93
104 162 57
104 162 85
104 162 90
104 162 98
104 162 103
104 162 105
104 162 119
104 163 88
104 163 115
104 163 183
104 164 80
104 164 87
104 164 100
104 164 114
104 165 65
104 165 92
104 165 119
104 165 178
104 165 180
104 165 185
104 166 83
104 166 95
104 167 61
104 167 107
104 167 180
104 168 79
104 168 92
104 168 119
104 168 121
104 168 179
104 169 85
104 169 109
104 169 111
104 169 186
104 170 75
104 170 116
104 170 121
104 170 123
104 171 120
104 171 181
104 172 98
104 172 111
104 172 113
104 172 118
104 173 110
104 173 123
104 173 125
104 173 190
104 174 100
104 174 108
104 174 113
104 174 122
104 175 112
104 175 120
104 175 125
104 175 185
104 176 110
104 176 124
104 176 183
104 177 88
104 177 102
104 177 115
104 177 117
104 177 122
104 177 182
104 178 114
104 178 121
104 179 99
104 179 104
104 179 112
104 179 185
104 180 116
104 180 129
104 180 184
104 181 114
104 181 128
104 182 106
104 182 126
104 183 125
104 184 121
104 184 123
104 185 127
104 186 123
104 186 125
104 188 125
104 188 127
104 189 124
104 191 127
104 191 129
104 192 126
104 193 129
104 194 128
104 195 126
104 196 131
104 197 130
104 200 135
104 200 137
105 104 16
105 105 15
105 112 14
105 115 16
105 121 17
105 126 15
105 127 26
105 128 17
105 128 45
105 129 14
105 129 23
105 129 28
105 129 29
105 130 26
105 131 25
105 132 16
105 132 18
105 132 23
105 135 17
105 135 30
105 136 15
105 136 29
105 136 34
105 138 31
105 138 39
105 139 22
105 140 27
105 140 50
105 140 57
105 141 33
105 141 42
105 141 61
105 142 31
105 143 52
105 144 28
105 144 36
105 144 56
105 145 34
105 145 53
105 145 54
105 145 68
105 146 32
105 146 38
105 146 46
105 147 36
105 147 43
105 147 44
105 147 50
105 147 63
105 148 34
105 148 41
105 148 53
105 148 62
105 148 80
105 149 40
105 149 45
105 149 46
105 149 52
105 149 74
105 150 43
105 150 50
105 150 57
105 150 72
105 151 47
105 151 48
105 151 69
105 151 76
105 153 66
105 153 84
105 153 86
105 154 50
105 154 64
105 154 69
105 154 83
105 155 47
105 155 88
105 156 46
105 156 59
105 156 80
105 156 85
105 156 93
105 157 63
105 157 83
105 157 158
105 158 56
105 158 61
105 158 76
105 158 82
105 158 90
105 158 100
105 159 53
105 159 65
105 159 87
105 159 99
105 160 58
105 160 72
105 160 78
105 160 85
105 161 56
105 161 62
105 161 70
105 161 102
105 161 104
105 161 118
105 162 68
105 162 74
105 162 82
105 162 92
105 162 101
105 162 116
105 163 57
105 163 72
105 163 80
105 163 99
105 163 104
105 163 120
105 164 69
105 164 77
105 164 98
105 164 103
105 164 118
105 164 184
105 165 88
105 165 101
105 166 74
105 166 100
105 166 106
105 166 118
105 166 120
105 166 179
105 167 84
105 167 91
105 167 98
105 167 105
105 167 117
105 167 178
105 167 185
105 168 62
105 168 103
105 168 181
105 169 88
105 169 93
105 169 102
105 170 86
105 170 100
105 170 110
105 170 112
105 171 76
105 171 97
105 172 95
105 172 102
105 173 99
105 173 119
105 174 118
105 174 191
105 175 114
105 175 116
105 175 123
105 176 99
105 176 113
105 176 121
105 176 181
105 177 120
105 177 125
105 177 179
105 178 89
105 178 116
105 178 118
105 178 123
105 178 128
105 178 189
105 179 115
105 179 122
105 179 127
105 180 113
105 180 118
105 180 120
105 180 125
105 181 117
105 181 124
105 181 130
105 182 120
105 182 122
105 182 129
105 183 107
105 183 119
105 184 117
105 184 126
105 185 122
105 185 124
105 185 129
105 186 121
105 186 128
105 187 106
105 187 119
105 187 124
105 187 126
105 189 108
105 192 128
105 192 130
105 193 127
105 195 129
105 196 127
105 197 132
105 198 131
105 199 134
105 201 136
106 103 15
106 116 17
106 122 18
106 128 27
106 129 18
106 129 25
106 129 46
106 130 15
106 130 44
106 133 19
106 133 29
106 135 14
106 135 26
106 135 33
106 136 24
106 137 16
106 139 32
106 140 25
106 140 30
106 141 28
106 141 50
106 142 43
106 143 40
106 143 41
106 144 38
106 145 37
106 145 43
106 145 57
106 146 55
106 147 39
106 147 73
106 148 37
106 148 64
106 149 54
106 149 68
106 149 81
106 150 46
106 150 47
106 150 53
106 150 61
106 151 44
106 151 58
106 151 65
106 152 48
106 152 70
106 153 46
106 153 68
106 153 94
106 154 85
106 154 92
106 155 38
106 155 50
106 155 51
106 155 65
106 155 111
106 156 69
106 156 96
106 157 53
106 157 60
106 157 67
106 157 81
106 158 64
106 158 84
106 158 93
106 158 159
106 159 89
106 159 101
106 160 54
106 160 55
106 161 73
106 161 86
106 161 91
106 161 93
106 162 57
106 162 71
106 162 103
106 162 119
106 163 68
106 163 75
106 164 81
106 164 100
106 165 70
106 165 90
106 165 99
106 165 117
106 166 68
106 166 77
106 166 82
106 166 83
106 166 95
106 166 111
106 167 67
106 167 75
106 167 87
106 168 73
106 168 84
106 168 106
106 168 113
106 168 186
106 169 111
106 169 116
106 170 69
106 170 103
106 170 181
106 171 67
106 171 111
106 171 113
106 171 179
106 172 65
106 172 76
106 172 77
106 172 98
106 172 105
106 172 118
106 172 123
106 173 96
106 173 101
106 173 103
106 173 122
106 174 95
106 174 115
106 174 120
106 175 105
106 175 112
106 175 119
106 175 125
106 176 97
106 176 110
106 176 115
106 176 117
106 176 124
106 176 183
106 177 100
106 177 114
106 177 122
106 178 99
106 178 105
106 178 121
106 179 90
106 179 97
106 179 104
106 179 117
106 179 129
106 180 102
106 180 116
106 180 128
106 181 106
106 181 114
106 181 126
106 182 91
106 182 125
106 182 131
106 183 89
106 183 121
106 183 123
106 183 130
106 184 120
106 185 118
106 185 127
106 185 132
106 186 123
106 186 125
106 186 130
106 187 122
106 187 129
106 188 125
106 188 127
106 189 119
106 190 109
106 190 127
106 190 129
106 191 121
106 191 126
106 192 124
106 193 129
106 194 128
106 195 126
106 195 131
106 195 133
106 196 130
106 197 128
107 105 15
107 128 17
107 130 53
107 134 18
107 134 30
107 134 62
107 135 17
107 136 27
107 137 39
107 138 22
107 138 31
107 140 27
107 140 33
107 141 24
107 141 26
107 143 35
107 144 20
107 145 66
107 146 30
107 146 38
107 146 44
107 147 36
107 147 50
107 147 56
107 148 34
107 149 45
107 149 46
107 149 72
107 149 79
107 150 43
107 150 82
107 151 47
107 151 54
107 151 67
107 152 27
107 152 66
107 153 49
107 153 71
107 154 156
107 155 46
107 155 68
107 155 73
107 155 88
107 156 39
107 156 44
107 156 58
107 156 66
107 157 88
107 157 90
107 157 104
107 158 54
107 159 51
107 159 65
107 159 85
107 159 99
107 160 63
107 160 70
107 160 97
107 161 62
107 161 101
107 161 116
107 162 53
107 162 60
107 162 65
107 162 74
107 162 80
107 162 92
107 162 99
107 163 58
107 163 64
107 163 72
107 163 104
107 163 120
107 164 70
107 164 76
107 164 89
107 164 96
107 164 103
107 165 59
107 165 67
107 165 93
107 165 101
107 165 106
107 165 108
107 165 181
107 166 71
107 166 72
107 166 86
107 166 100
107 166 105
107 167 69
107 167 103
107 167 112
107 168 68
107 168 88
107 168 102
107 168 108
107 169 66
107 169 93
107 169 98
107 169 100
107 169 107
107 170 64
107 170 92
107 170 97
107 170 110
107 170 112
107 171 75
107 171 90
107 171 95
107 171 109
107 173 78
107 173 99
107 173 106
107 174 97
107 174 102
107 174 123
107 175 114
107 175 116
107 176 79
107 176 80
107 176 94
107 176 113
107 176 126
107 177 77
107 177 98
107 177 125
107 178 110
107 178 115
107 178 128
107 179 106
107 179 108
107 179 113
107 179 127
107 180 86
107 180 91
107 180 105
107 180 118
107 180 120
107 180 125
107 180 130
107 181 103
107 181 117
107 181 124
107 181 129
107 182 115
107 182 120
107 182 122
107 182 127
107 183 119
107 183 126
107 183 132
107 184 124
107 184 131
107 185 121
107 185 129
107 186 119
107 186 128
107 187 124
107 188 123
107 189 121
107 189 133
107 190 120
107 190 132
107 191 118
107 191 128
107 191 130
107 192 127
107 193 125
107 194 130
107 195 129
107 196 127
107 196 132
107 196 134
107 197 131
107 198 129
107 199 134
107 199 136
107 200 133
107 201 136
107 202 135
107 203 133
107 204 132
108 133 29
108 135 63
108 136 18
108 137 28
108 139 23
108 141 28
108 141 42
108 142 27
108 142 39
108 142 40
108 145 34
108 145 43
108 146 40
108 146 74
108 148 56
108 148 57
108 149 49
108 149 68
108 150 46
108 150 47
108 150 80
108 151 56
108 152 48
108 152 49
108 152 63
108 152 68
108 153 60
108 154 50
108 154 58
108 155 57
108 156 47
108 156 60
108 157 53
108 158 91
108 159 54
108 159 55
108 159 62
108 159 96
108 160 95
108 160 100
108 161 59
108 161 91
108 163 54
108 163 88
108 163 95
108 164 73
108 164 112
108 165 70
108 165 85
108 165 97
108 165 111
108 166 68
108 166 75
108 166 83
108 166 107
108 167 67
108 167 72
108 167 80
108 167 87
108 167 92
108 168 70
108 168 104
108 169 69
108 169 82
108 169 103
108 169 109
108 170 67
108 170 75
108 170 81
108 171 98
108 171 106
108 171 111
108 171 118
108 172 71
108 172 76
108 172 110
108 172 123
108 173 69
108 173 113
108 173 115
108 174 78
108 174 79
108 174 100
108 174 125
108 175 90
108 175 98
108 175 103
108 176 102
108 176 122
108 177 100
108 177 107
108 177 121
108 178 99
108 178 104
108 179 83
108 179 102
108 179 111
108 179 116
108 180 89
108 180 107
108 181 87
108 181 126
108 182 84
108 182 91
108 182 104
108 182 125
108 183 108
108 183 123
108 183 128
108 184 120
108 184 127
108 185 105
108 185 125
108 185 132
108 186 122
108 187 100
108 187 129
108 187 134
108 188 125
108 188 127
108 188 132
108 189 131
108 190 122
108 190 127
108 190 129
108 190 134
108 191 121
108 192 129
108 192 131
108 193 123
108 193 128
108 194 126
108 195 131
108 195 133
108 196 130
108 197 128
108 200 135
108 200 137
108 201 134
108 202 132
108 202 137
108 202 139
108 204 134
109 111 15
109 137 31
109 138 24
109 139 57
109 142 29
109 143 33
109 146 43
109 146 77
109 148 74
109 149 58
109 152 84
109 153 69
109 154 29
109 154 61
109 155 73
109 155 74
109 156 37
109 156 58
109 156 71
109 157 76
109 158 54
109 160 55
109 160 70
109 160 97
109 162 65
109 162 72
109 162 92
109 162 99
109 163 69
109 163 70
109 164 55
109 164 67
109 164 94
109 164 101
109 165 59
109 165 60
109 165 74
109 165 93
109 165 100
109 165 106
109 166 72
109 166 98
109 166 105
109 166 120
109 167 103
109 167 108
109 168 107
109 169 92
109 169 105
109 170 90
109 170 97
109 170 110
109 171 95
109 171 109
109 172 94
109 172 99
109 173 72
109 173 97
109 173 118
109 173 124
109 174 75
109 174 102
109 174 104
109 174 114
109 174 116
109 175 79
109 175 80
109 175 113
109 175 126
109 176 91
109 176 99
109 177 116
109 178 81
109 178 115
109 178 128
109 179 79
109 179 86
109 179 105
109 179 118
109 180 84
109 180 103
109 180 112
109 181 129
109 182 88
109 182 120
109 183 105
109 183 119
109 183 126
109 184 129
109 185 94
109 185 121
109 186 92
109 186 106
109 186 119
109 187 123
109 188 101
109 189 133
109 190 132
109 191 128
109 191 130
109 193 130
109 193 132
109 194 129
109 195 127
109 196 132
109 196 134
109 197 131
109 197 138
109 198 129
109 198 134
109 198 136
109 199 133
109 200 131
109 201 136
109 201 138
109 202 135
109 203 133
109 203 138
109 205 135
109 205 140
109 206 134
110 138 20
110 144 34
110 151 70
110 154 51
110 154 57
110 155 62
110 155 69
110 156 67
110 158 62
110 158 77
110 160 52
110 160 59
110 160 73
110 161 56
110 161 98
110 163 66
110 163 73
110 163 100
110 164 65
110 164 70
110 164 71
110 164 78
110 165 90
110 166 80
110 166 94
110 167 72
110 167 79
110 167 106
110 168 57
110 168 70
110 168 104
110 169 74
110 169 75
110 169 108
110 170 72
110 171 98
110 171 111
110 171 123
110 172 69
110 172 117
110 172 122
110 173 74
110 173 100
110 173 113
110 173 120
110 174 73
110 174 79
110 174 98
110 174 125
110 174 127
110 175 76
110 175 103
110 175 117
110 176 88
110 176 114
110 177 92
110 177 100
110 177 105
110 177 107
110 178 104
110 178 117
110 179 82
110 179 83
110 179 89
110 180 87
110 180 106
110 181 85
110 181 104
110 182 91
110 182 96
110 183 94
110 183 121
110 183 123
110 183 128
110 184 120
110 185 91
110 185 130
110 187 120
110 187 134
110 189 97
110 190 121
110 190 127
110 190 134
110 191 126
110 191 133
110 192 124
110 192 129
110 192 131
110 193 123
110 193 128
110 194 131
110 194 133
110 199 135
110 200 134
110 202 139
110 203 136
110 204 139
110 206 136
111 144 31
111 145 43
111 148 37
111 150 48
111 151 54
111 152 44
111 153 62
111 157 75
111 157 76
111 158 39
111 158 73
111 159 78
111 162 77
111 162 91
111 162 99
111 163 50
111 163 98
111 164 67
111 164 74
111 164 96
111 165 47
111 165 60
111 165 72
111 165 100
111 165 105
111 166 57
111 166 103
111 167 61
111 167 81
111 167 95
111 167 102
111 168 93
111 168 98
111 169 86
111 169 110
111 170 75
111 171 102
111 172 85
111 172 99
111 172 119
111 172 124
111 173 118
111 174 87
111 174 121
111 175 80
111 175 86
111 176 118
111 176 125
111 177 76
111 177 82
111 177 128
111 178 108
111 178 127
111 179 91
111 179 105
111 179 118
111 179 125
111 180 83
111 180 84
111 180 90
111 180 124
111 181 81
111 181 120
111 181 129
111 182 119
111 182 132
111 184 95
111 184 109
111 184 122
111 184 124
111 185 94
111 185 121
111 186 92
111 188 135
111 189 120
111 190 98
111 191 128
111 191 130
111 192 100
111 192 127
111 193 125
111 193 130
111 195 132
111 195 134
111 198 134
111 199 133
111 200 136
111 200 138
111 201 135
111 204 137
111 205 135
111 205 140
111 207 142
112 146 44
112 147 64
112 150 44
112 150 78
112 151 77
112 152 55
112 156 53
112 160 78
112 161 57
112 162 80
112 162 93
112 163 78
112 163 92
112 163 100
112 164 51
112 164 77
112 166 73
112 166 80
112 166 94
112 167 58
112 167 104
112 168 103
112 168 109
112 169 99
112 170 72
112 170 106
112 170 111
112 172 103
112 173 73
112 173 100
112 173 120
112 173 125
112 173 127
112 174 91
112 175 69
112 175 115
112 175 117
112 176 75
112 176 87
112 177 105
112 177 119
112 180 106
112 181 84
112 182 121
112 182 123
112 183 87
112 184 93
112 185 123
112 186 95
112 187 93
112 187 125
112 189 129
112 189 136
112 190 121
112 190 126
112 191 133
112 192 123
112 192 131
112 193 101
112 193 128
112 195 130
112 198 123
112 199 137
112 201 132
112 201 137
112 202 136
112 203 134
112 204 139
112 206 136
113 152 78
113 159 63
113 163 94
113 165 57
113 165 100
113 167 49
113 167 62
113 168 59
113 169 83
113 169 97
113 172 77
113 174 114
113 175 86
113 175 120
113 175 125
113 176 70
113 177 128
113 178 108
113 179 78
113 179 84
113 179 130
113 181 122
113 182 85
113 182 126
113 183 124
113 185 94
113 186 124
113 186 126
113 190 128
113 193 124
113 193 130
113 193 132
113 194 129
113 195 134
113 197 134
113 198 128
113 199 131
113 200 130
113 200 136
113 200 138
113 203 137
113 207 137
114 164 63
114 164 70
114 165 94
114 166 72
114 166 79
114 176 73
114 179 107
114 181 130
114 182 121
114 182 123
114 183 86
114 183 127
114 184 125
114 187 127
114 188 136
114 189 127
114 191 129
114 191 131
114 194 131
114 195 130
114 198 135
114 199 134
114 201 131
114 204 138
114 205 136
115 155 58
115 163 54
115 165 84
115 166 103
115 167 59
115 169 97
115 176 69
115 176 123
115 176 128
115 177 74
115 177 88
115 178 91
115 185 126
115 190 128
115 192 130
115 195 132
115 196 131
115 196 138
115 197 134
115 198 128
115 199 131
115 199 136
115 200 130
115 203 137
115 206 137
116 167 104
116 168 103
116 176 105
116 177 117
116 178 89
116 178 128
116 181 121
116 185 129
116 189 129
116 190 133
116 191 129
116 193 131
116 194 130
116 198 137
117 166 102
117 174 86
117 175 64
117 175 118
117 176 115
117 177 106
117 178 120
117 178 125
117 190 130
117 192 130
117 194 132
117 194 134
117 197 134
117 197 136
117 200 130
118 177 90
118 177 116
118 193 131
118 193 133
118 194 130
118 198 135
118 198 137
118 200 139
119 174 86
119 179 108
119 188 132
119 194 132
119 194 134
119 195 131
119 196 134
119 196 136
119 197 133
120 175 87
120 199 132
121 196 136
122 197 135
122 197 137
122 199 137
123 196 136
