80 78 54
80 90 52
82 83 56
82 85 53
82 85 60
82 88 55
83 88 58
83 88 71
83 90 55
83 91 53
83 91 65
83 92 80
83 93 48
83 94 47
83 97 77
83 101 62
84 85 53
84 89 38
84 89 52
84 93 30
84 94 22
84 94 36
84 95 53
84 95 76
85 85 29
85 88 70
85 89 43
85 90 39
85 90 51
85 90 60
85 90 65
85 91 50
85 91 58
85 94 59
85 96 28
85 96 70
85 97 27
85 97 75
85 98 51
85 100 82
85 100 98
85 101 81
85 102 79
85 104 90
86 85 24
86 88 33
86 89 32
86 89 57
86 89 79
86 90 35
86 90 62
86 91 54
86 92 46
86 93 79
86 94 77
86 95 20
86 95 26
86 95 39
86 95 53
86 96 38
86 96 51
86 97 41
86 98 48
86 99 58
86 99 73
86 99 81
86 100 66
86 100 87
86 101 83
86 102 77
86 104 77
87 86 25
87 86 75
87 87 37
87 89 34
87 89 55
87 90 24
87 91 29
87 91 31
87 91 36
87 92 48
87 92 62
87 92 67
87 93 18
87 93 47
87 93 52
87 93 60
87 94 30
87 95 57
87 96 77
87 97 39
87 97 52
87 97 59
87 97 66
87 98 56
87 98 72
87 98 74
87 100 53
87 100 61
87 103 33
87 104 86
88 87 33
88 88 38
88 89 28
88 90 35
88 90 56
88 91 52
88 91 59
88 92 30
88 92 37
88 92 51
88 93 22
88 93 42
88 93 44
88 93 49
88 93 54
88 93 56
88 94 19
88 94 20
88 94 32
88 94 48
88 94 53
88 95 46
88 95 51
88 95 65
88 95 73
88 95 81
88 96 29
88 96 43
88 96 50
88 96 72
88 97 21
88 97 41
88 97 46
88 97 48
88 98 45
88 98 60
88 99 24
88 99 38
88 99 43
88 99 93
88 101 70
89 83 23
89 85 61
89 86 37
89 87 36
89 88 34
89 88 77
89 89 60
89 89 65
89 90 29
89 90 38
89 91 23
89 91 28
89 91 36
89 91 57
89 91 62
89 91 70
89 92 26
89 92 55
89 92 60
89 93 25
89 93 31
89 93 47
89 93 52
89 93 59
89 94 23
89 94 30
89 94 43
89 94 50
89 94 55
89 94 57
89 94 71
89 95 42
89 95 54
89 95 62
89 96 40
89 96 45
89 96 52
89 96 66
89 97 25
89 97 39
89 97 44
89 97 51
89 97 59
89 98 23
89 98 37
89 98 42
89 98 47
89 98 63
89 99 54
89 99 59
89 99 68
89 99 82
89 100 37
89 100 39
89 100 53
89 101 17
89 101 56
89 102 48
89 104 86
89 105 85
90 87 60
90 88 37
90 89 35
90 89 44
90 90 27
90 90 40
90 90 47
90 91 25
90 91 30
90 91 32
90 92 37
90 92 42
90 92 58
90 92 71
90 93 22
90 93 27
90 93 36
90 93 41
90 93 54
90 93 56
90 93 68
90 94 26
90 94 32
90 94 34
90 94 53
90 95 38
90 95 44
90 95 51
90 95 72
90 96 22
90 96 29
90 96 36
90 96 43
90 96 50
90 96 63
90 96 68
90 97 28
90 97 33
90 97 41
90 97 46
90 97 48
90 97 62
90 97 75
90 98 26
90 98 31
90 98 45
90 98 60
90 99 23
90 99 38
90 99 43
90 99 57
90 99 64
90 100 55
90 100 60
90 100 69
90 101 59
90 101 77
90 102 52
90 102 57
90 102 66
90 103 35
90 103 77
90 105 46
90 105 82
90 107 89
91 85 46
91 88 39
91 90 31
91 90 36
91 90 50
91 90 58
91 91 23
91 91 28
91 91 35
91 91 48
91 91 62
91 92 26
91 92 31
91 92 33
91 92 53
91 92 60
91 92 79
91 93 30
91 93 43
91 93 52
91 93 59
91 93 72
91 94 28
91 94 42
91 94 50
91 94 57
91 95 20
91 95 27
91 95 40
91 95 49
91 95 54
91 95 67
91 95 83
91 96 25
91 96 39
91 96 45
91 96 47
91 96 52
91 96 57
91 96 59
91 96 71
91 97 22
91 97 23
91 97 35
91 97 37
91 97 44
91 97 51
91 97 56
91 97 64
91 97 69
91 97 96
91 98 34
91 98 42
91 98 47
91 98 49
91 98 54
91 98 63
91 99 41
91 99 46
91 99 53
91 99 59
91 99 61
91 99 66
91 99 73
91 100 31
91 100 44
91 100 49
91 100 51
91 100 58
91 100 65
91 101 29
91 101 43
91 101 48
91 101 63
91 101 70
91 101 79
91 102 27
91 102 34
91 102 41
91 102 46
91 102 55
91 102 78
91 103 33
91 103 53
91 103 58
91 104 73
91 106 70
91 108 49
91 110 96
92 87 38
92 88 37
92 89 28
92 89 40
92 89 42
92 89 74
92 90 39
92 90 47
92 91 30
92 91 32
92 91 37
92 92 29
92 92 36
92 92 42
92 92 44
92 92 58
92 93 27
92 93 32
92 93 34
92 93 41
92 93 54
92 93 56
92 93 66
92 94 26
92 94 31
92 94 39
92 94 44
92 94 53
92 94 73
92 95 24
92 95 29
92 95 38
92 95 43
92 95 51
92 95 63
92 96 21
92 96 22
92 96 28
92 96 34
92 96 36
92 96 41
92 96 50
92 96 62
92 97 14
92 97 26
92 97 33
92 97 40
92 97 46
92 97 48
92 97 58
92 97 60
92 97 67
92 98 23
92 98 31
92 98 36
92 98 38
92 98 45
92 98 57
92 98 65
92 99 21
92 99 30
92 99 35
92 99 43
92 99 55
92 99 64
92 99 69
92 100 20
92 100 28
92 100 42
92 100 54
92 100 60
92 100 62
92 100 67
92 100 83
92 101 40
92 101 50
92 101 52
92 101 59
92 102 37
92 102 49
92 102 62
92 102 64
92 103 28
92 104 54
92 105 58
92 105 94
92 106 49
92 107 105
92 108 88
92 109 50
93 90 63
93 91 35
93 92 31
93 92 33
93 92 52
93 92 60
93 93 25
93 93 30
93 93 43
93 93 50
93 93 59
93 93 64
93 94 23
93 94 28
93 94 42
93 94 49
93 94 55
93 94 62
93 95 21
93 95 27
93 95 40
93 95 45
93 95 47
93 95 54
93 95 74
93 96 25
93 96 39
93 96 44
93 96 52
93 96 57
93 96 59
93 96 64
93 97 22
93 97 23
93 97 35
93 97 37
93 97 42
93 97 51
93 97 56
93 97 63
93 97 76
93 98 34
93 98 41
93 98 47
93 98 49
93 98 54
93 98 59
93 98 61
93 98 68
93 98 81
93 99 19
93 99 32
93 99 37
93 99 39
93 99 46
93 99 53
93 99 58
93 99 66
93 99 71
93 100 17
93 100 31
93 100 36
93 100 44
93 100 49
93 100 51
93 100 70
93 100 78
93 100 93
93 101 29
93 101 34
93 101 43
93 101 55
93 101 61
93 101 68
93 102 12
93 102 26
93 102 27
93 102 33
93 102 41
93 102 46
93 102 51
93 102 53
93 102 60
93 102 67
93 103 38
93 103 58
93 103 63
93 103 65
93 103 72
93 104 29
93 104 36
93 104 48
93 104 57
93 105 47
93 105 53
93 105 60
93 105 69
93 106 19
93 106 59
93 108 72
93 108 85
93 109 89
93 110 59
94 89 35
94 89 40
94 89 47
94 90 39
94 92 29
94 92 36
94 92 41
94 92 49
94 93 19
94 93 27
94 93 32
94 93 34
94 93 39
94 93 48
94 93 53
94 93 66
94 93 80
94 94 26
94 94 31
94 94 38
94 94 44
94 94 46
94 94 51
94 94 65
94 94 70
94 95 24
94 95 29
94 95 34
94 95 36
94 95 43
94 95 50
94 96 14
94 96 21
94 96 22
94 96 28
94 96 33
94 96 41
94 96 46
94 96 48
94 96 62
94 96 67
94 97 26
94 97 31
94 97 40
94 97 45
94 97 58
94 97 60
94 97 65
94 98 23
94 98 24
94 98 30
94 98 36
94 98 38
94 98 43
94 98 57
94 98 64
94 99 21
94 99 28
94 99 35
94 99 42
94 99 55
94 99 60
94 99 62
94 99 69
94 100 25
94 100 26
94 100 33
94 100 38
94 100 40
94 100 54
94 100 59
94 100 67
94 101 18
94 101 23
94 101 32
94 101 37
94 101 50
94 101 52
94 101 57
94 101 66
94 102 16
94 102 30
94 102 35
94 102 56
94 102 64
94 103 47
94 103 52
94 103 61
94 104 46
94 104 51
94 105 44
94 105 58
94 105 99
94 106 56
94 106 93
95 88 33
95 89 50
95 90 28
95 91 60
95 92 45
95 93 30
95 93 42
95 93 55
95 93 57
95 93 64
95 93 76
95 94 28
95 94 40
95 94 49
95 94 54
95 95 27
95 95 39
95 95 45
95 95 47
95 95 52
95 95 61
95 95 66
95 95 71
95 96 25
95 96 35
95 96 37
95 96 44
95 96 51
95 96 57
95 96 59
95 96 64
95 96 69
95 97 15
95 97 22
95 97 23
95 97 34
95 97 42
95 97 47
95 97 49
95 97 56
95 97 63
95 98 20
95 98 32
95 98 41
95 98 46
95 98 54
95 98 59
95 98 61
95 98 66
95 99 19
95 99 31
95 99 37
95 99 39
95 99 44
95 99 53
95 99 58
95 99 65
95 100 17
95 100 29
95 100 36
95 100 43
95 100 49
95 100 51
95 100 61
95 100 63
95 100 70
95 101 14
95 101 26
95 101 27
95 101 34
95 101 39
95 101 41
95 101 48
95 101 55
95 101 68
95 101 73
95 102 12
95 102 24
95 102 33
95 102 38
95 102 46
95 102 58
95 102 72
95 103 23
95 103 31
95 103 45
95 103 57
95 103 63
95 103 65
95 103 70
95 104 29
95 104 35
95 104 41
95 104 43
95 104 55
95 104 62
95 105 18
95 105 40
95 105 65
95 105 67
95 105 83
95 106 38
95 106 43
95 106 45
95 106 59
95 106 82
95 107 15
95 107 78
95 108 67
95 109 32
95 109 80
95 111 91
95 113 58
96 90 51
96 91 29
96 91 44
96 92 48
96 92 56
96 92 82
96 93 32
96 93 39
96 93 44
96 93 46
96 93 53
96 94 24
96 94 31
96 94 38
96 94 43
96 95 16
96 95 22
96 95 29
96 95 34
96 95 36
96 95 41
96 95 68
96 96 14
96 96 28
96 96 33
96 96 40
96 96 46
96 96 48
96 96 62
96 96 72
96 96 94
96 97 26
96 97 31
96 97 36
96 97 38
96 97 45
96 97 58
96 97 60
96 97 65
96 98 23
96 98 24
96 98 30
96 98 35
96 98 43
96 98 57
96 98 64
96 99 21
96 99 28
96 99 33
96 99 42
96 99 55
96 99 60
96 99 67
96 100 25
96 100 26
96 100 32
96 100 38
96 100 40
96 100 54
96 100 59
96 101 23
96 101 30
96 101 50
96 101 52
96 101 57
96 101 62
96 101 64
96 102 16
96 102 27
96 102 28
96 102 35
96 102 49
96 102 56
96 102 74
96 103 13
96 103 25
96 103 34
96 103 47
96 103 52
96 103 54
96 103 59
96 104 18
96 104 24
96 104 32
96 104 46
96 104 58
96 104 71
96 104 78
96 105 15
96 105 29
96 105 30
96 105 42
96 105 44
96 105 56
96 105 70
96 106 41
96 106 68
96 107 39
96 107 44
96 110 33
96 110 97
96 111 88
96 112 78
96 113 95
97 91 47
97 92 50
97 93 9
97 93 55
97 94 27
97 94 40
97 94 45
97 94 47
97 95 39
97 95 44
97 95 57
97 96 22
97 96 23
97 96 35
97 96 37
97 96 42
97 96 51
97 96 56
97 96 64
97 96 97
97 97 20
97 97 34
97 97 41
97 97 47
97 97 49
97 97 54
97 97 63
97 97 98
97 98 32
97 98 37
97 98 39
97 98 46
97 98 53
97 98 59
97 98 61
97 98 66
97 99 31
97 99 36
97 99 44
97 99 49
97 99 51
97 99 58
97 99 65
97 100 14
97 100 29
97 100 34
97 100 43
97 100 48
97 100 61
97 100 63
97 100 68
97 101 12
97 101 26
97 101 27
97 101 33
97 101 39
97 101 41
97 101 46
97 101 55
97 101 60
97 101 67
97 101 73
97 102 24
97 102 31
97 102 38
97 102 45
97 102 51
97 102 53
97 102 58
97 102 63
97 102 72
97 102 95
97 103 23
97 103 28
97 103 29
97 103 36
97 103 41
97 103 43
97 103 62
97 103 70
97 104 21
97 104 35
97 104 40
97 104 48
97 104 53
97 104 55
97 104 60
97 104 69
97 105 33
97 105 38
97 105 47
97 105 59
97 105 65
97 105 67
97 105 81
97 106 23
97 106 43
97 106 45
97 106 55
97 106 64
97 106 71
97 106 87
97 107 42
97 108 61
97 109 25
97 109 96
97 111 82
97 111 103
98 92 27
98 92 32
98 93 44
98 93 46
98 94 16
98 94 29
98 94 43
98 95 14
98 95 34
98 95 36
98 95 41
98 95 46
98 95 48
98 95 62
98 96 26
98 96 33
98 96 40
98 96 45
98 96 74
98 97 24
98 97 36
98 97 38
98 97 43
98 97 57
98 97 65
98 98 21
98 98 30
98 98 35
98 98 42
98 98 55
98 98 64
98 99 28
98 99 33
98 99 38
98 99 40
98 99 54
98 99 60
98 99 62
98 100 25
98 100 26
98 100 32
98 100 37
98 100 50
98 100 52
98 100 59
98 101 23
98 101 30
98 101 35
98 101 49
98 101 57
98 101 62
98 101 64
98 101 78
98 102 22
98 102 27
98 102 28
98 102 34
98 102 47
98 102 56
98 102 61
98 103 25
98 103 32
98 103 46
98 103 52
98 103 54
98 103 59
98 103 73
98 103 78
98 104 17
98 104 18
98 104 24
98 104 29
98 104 30
98 104 42
98 104 44
98 104 51
98 104 58
98 104 71
98 105 22
98 105 27
98 105 41
98 105 49
98 105 56
98 105 70
98 105 75
98 106 19
98 106 20
98 106 39
98 106 48
98 106 66
98 106 68
98 106 80
98 107 44
98 107 78
98 108 36
98 108 63
98 109 48
98 109 75
98 114 89
99 87 60
99 93 42
99 93 67
99 94 52
99 95 17
99 95 44
99 95 51
99 95 57
99 96 35
99 96 37
99 96 42
99 96 47
99 96 49
99 96 56
99 96 63
99 96 69
99 97 34
99 97 41
99 97 46
99 97 54
99 97 59
99 97 61
99 97 75
99 98 32
99 98 37
99 98 39
99 98 44
99 98 53
99 98 58
99 99 31
99 99 36
99 99 43
99 99 49
99 99 51
99 99 56
99 99 65
99 99 70
99 100 14
99 100 15
99 100 29
99 100 34
99 100 39
99 100 41
99 100 48
99 100 55
99 100 61
99 100 63
99 100 68
99 101 12
99 101 26
99 101 27
99 101 33
99 101 38
99 101 46
99 101 51
99 101 53
99 101 60
99 101 67
99 102 24
99 102 31
99 102 36
99 102 45
99 102 50
99 102 58
99 102 63
99 102 65
99 102 70
99 102 77
99 103 23
99 103 28
99 103 29
99 103 35
99 103 41
99 103 43
99 103 48
99 103 57
99 103 62
99 103 69
99 104 21
99 104 26
99 104 33
99 104 40
99 104 47
99 104 53
99 104 55
99 104 60
99 104 65
99 104 67
99 104 74
99 105 18
99 105 25
99 105 30
99 105 31
99 105 38
99 105 43
99 105 52
99 105 59
99 105 64
99 105 72
99 106 23
99 106 28
99 106 37
99 106 50
99 106 55
99 106 57
99 106 62
99 106 71
99 106 76
99 107 20
99 107 21
99 107 27
99 107 35
99 107 40
99 107 49
99 107 54
99 108 25
99 108 33
99 108 45
99 108 47
99 108 52
99 108 59
99 109 30
99 109 44
99 109 69
100 93 46
100 94 50
100 95 41
100 95 46
100 95 67
100 96 45
100 96 58
100 97 24
100 97 36
100 97 38
100 97 43
100 97 57
100 98 13
100 98 14
100 98 21
100 98 35
100 98 42
100 98 55
100 98 60
100 98 62
100 99 11
100 99 20
100 99 26
100 99 33
100 99 38
100 99 40
100 99 54
100 99 59
100 100 18
100 100 23
100 100 32
100 100 37
100 100 50
100 100 52
100 100 57
100 100 66
100 100 76
100 100 78
100 101 15
100 101 16
100 101 22
100 101 30
100 101 35
100 101 49
100 101 56
100 101 62
100 101 64
100 102 13
100 102 27
100 102 28
100 102 34
100 102 47
100 102 52
100 102 54
100 102 61
100 102 73
100 103 12
100 103 17
100 103 18
100 103 25
100 103 32
100 103 46
100 103 59
100 103 71
100 103 78
100 103 80
100 103 85
100 104 10
100 104 24
100 104 29
100 104 30
100 104 42
100 104 44
100 104 49
100 104 58
100 104 76
100 105 14
100 105 22
100 105 27
100 105 41
100 105 48
100 105 54
100 105 56
100 105 66
100 105 68
100 105 80
100 106 26
100 106 39
100 106 44
100 106 46
100 106 53
100 106 65
100 106 73
100 107 24
100 107 38
100 107 43
100 107 51
100 107 63
100 107 72
100 107 77
100 108 36
100 108 41
100 108 50
100 108 62
100 108 68
100 108 70
100 108 75
100 109 33
100 109 46
100 109 67
100 109 110
100 110 12
100 110 65
100 110 79
100 111 16
100 111 30
100 112 13
101 94 47
101 94 52
101 95 37
101 95 64
101 96 34
101 96 42
101 96 47
101 96 49
101 96 81
101 97 32
101 97 41
101 97 46
101 97 59
101 97 66
101 97 73
101 98 31
101 98 37
101 98 39
101 98 44
101 98 49
101 98 58
101 98 65
101 98 71
101 99 14
101 99 15
101 99 36
101 99 43
101 99 48
101 99 56
101 99 61
101 99 63
101 99 70
101 100 12
101 100 26
101 100 27
101 100 34
101 100 39
101 100 41
101 100 46
101 100 55
101 100 60
101 100 68
101 100 73
101 100 103
101 101 24
101 101 33
101 101 38
101 101 45
101 101 51
101 101 53
101 101 58
101 101 67
101 101 72
101 101 77
101 101 79
101 102 23
101 102 31
101 102 36
101 102 41
101 102 43
101 102 50
101 102 57
101 102 63
101 102 65
101 102 70
101 103 21
101 103 28
101 103 29
101 103 35
101 103 40
101 103 48
101 103 53
101 103 55
101 103 62
101 103 69
101 103 74
101 104 19
101 104 26
101 104 33
101 104 38
101 104 47
101 104 52
101 104 60
101 104 65
101 104 67
101 104 72
101 104 81
101 105 25
101 105 30
101 105 31
101 105 37
101 105 43
101 105 45
101 105 50
101 105 59
101 105 64
101 105 71
101 106 23
101 106 28
101 106 35
101 106 42
101 106 49
101 106 55
101 106 57
101 106 62
101 106 67
101 106 69
101 106 76
101 107 20
101 107 21
101 107 27
101 107 32
101 107 33
101 107 40
101 107 45
101 107 47
101 107 54
101 107 61
101 107 74
101 108 11
101 108 30
101 108 39
101 108 52
101 108 59
101 108 64
101 109 17
101 109 23
101 109 29
101 109 37
101 109 42
101 109 51
101 109 56
101 109 69
101 109 71
101 109 83
101 110 15
101 110 20
101 110 35
101 110 41
101 110 47
101 110 49
101 110 54
101 110 68
101 110 81
101 111 39
101 111 46
101 111 53
101 113 29
101 114 7
101 118 109
102 93 43
102 95 40
102 95 58
102 95 60
102 96 18
102 96 38
102 97 35
102 97 43
102 97 69
102 98 54
102 99 25
102 99 32
102 99 38
102 99 40
102 99 50
102 99 52
102 99 59
102 99 66
102 99 79
102 99 84
102 100 15
102 100 16
102 100 30
102 100 37
102 100 49
102 100 57
102 100 62
102 100 76
102 100 78
102 100 83
102 101 13
102 101 22
102 101 27
102 101 28
102 101 35
102 101 47
102 101 56
102 101 61
102 101 74
102 101 81
102 101 88
102 102 20
102 102 25
102 102 34
102 102 46
102 102 52
102 102 54
102 102 59
102 102 73
102 102 78
102 102 102
102 103 24
102 103 32
102 103 42
102 103 44
102 103 51
102 103 58
102 103 71
102 103 90
102 104 15
102 104 22
102 104 29
102 104 30
102 104 41
102 104 49
102 104 54
102 104 56
102 104 70
102 104 75
102 104 83
102 105 20
102 105 27
102 105 39
102 105 48
102 105 53
102 105 66
102 105 68
102 105 73
102 105 80
102 106 12
102 106 26
102 106 38
102 106 44
102 106 46
102 106 51
102 106 65
102 106 72
102 106 78
102 106 85
102 107 10
102 107 16
102 107 24
102 107 36
102 107 43
102 107 50
102 107 63
102 107 68
102 107 70
102 107 77
102 107 90
102 108 14
102 108 21
102 108 22
102 108 33
102 108 34
102 108 41
102 108 46
102 108 48
102 108 62
102 108 67
102 108 75
102 108 80
102 109 11
102 109 12
102 109 19
102 109 40
102 109 45
102 109 58
102 109 60
102 109 79
102 110 30
102 110 38
102 110 43
102 110 57
102 110 64
102 110 72
102 110 77
102 111 16
102 111 42
102 111 62
102 111 76
102 111 97
102 112 14
102 112 40
102 112 72
102 114 92
102 115 8
103 97 19
103 97 37
103 98 36
103 98 56
103 98 78
103 98 83
103 99 14
103 99 34
103 99 43
103 99 48
103 99 61
103 99 77
103 100 12
103 100 26
103 100 33
103 100 39
103 100 41
103 100 46
103 100 51
103 100 53
103 100 60
103 100 67
103 101 24
103 101 31
103 101 38
103 101 45
103 101 50
103 101 58
103 101 63
103 101 65
103 101 72
103 101 79
103 102 28
103 102 29
103 102 36
103 102 41
103 102 43
103 102 48
103 102 57
103 102 62
103 102 70
103 102 75
103 102 82
103 102 96
103 103 26
103 103 35
103 103 40
103 103 47
103 103 53
103 103 55
103 103 60
103 103 69
103 103 74
103 103 79
103 103 103
103 104 25
103 104 33
103 104 38
103 104 43
103 104 45
103 104 52
103 104 59
103 104 65
103 104 67
103 104 72
103 104 77
103 105 16
103 105 23
103 105 30
103 105 31
103 105 37
103 105 42
103 105 50
103 105 55
103 105 57
103 105 64
103 105 71
103 105 76
103 105 89
103 106 15
103 106 20
103 106 21
103 106 28
103 106 35
103 106 40
103 106 49
103 106 54
103 106 62
103 106 67
103 106 69
103 106 74
103 106 88
103 107 13
103 107 27
103 107 32
103 107 33
103 107 39
103 107 45
103 107 47
103 107 52
103 107 61
103 107 66
103 107 73
103 108 11
103 108 25
103 108 30
103 108 37
103 108 44
103 108 51
103 108 57
103 108 59
103 108 64
103 108 69
103 108 71
103 108 83
103 108 85
103 109 15
103 109 22
103 109 23
103 109 29
103 109 34
103 109 35
103 109 42
103 109 47
103 109 49
103 109 56
103 109 63
103 109 68
103 109 81
103 109 90
103 110 13
103 110 20
103 110 27
103 110 32
103 110 41
103 110 54
103 110 59
103 110 66
103 110 80
103 111 19
103 111 25
103 111 31
103 111 39
103 111 44
103 111 53
103 111 58
103 111 65
103 111 78
103 111 87
103 112 17
103 112 29
103 112 37
103 112 43
103 112 49
103 112 51
103 112 56
103 113 15
103 113 75
103 116 92
104 94 48
104 95 40
104 98 38
104 98 59
104 98 88
104 99 23
104 99 37
104 99 50
104 100 15
104 100 16
104 100 35
104 100 49
104 100 62
104 100 64
104 100 76
104 101 13
104 101 28
104 101 34
104 101 47
104 101 52
104 101 54
104 101 74
104 101 81
104 102 12
104 102 17
104 102 18
104 102 32
104 102 46
104 102 51
104 102 59
104 102 73
104 102 78
104 102 80
104 103 15
104 103 29
104 103 30
104 103 42
104 103 44
104 103 49
104 103 58
104 103 71
104 103 76
104 103 83
104 103 90
104 104 14
104 104 27
104 104 41
104 104 48
104 104 54
104 104 56
104 104 70
104 104 75
104 104 80
104 104 88
104 105 12
104 105 26
104 105 39
104 105 44
104 105 46
104 105 53
104 105 66
104 105 68
104 105 73
104 105 78
104 105 92
104 105 94
104 106 24
104 106 38
104 106 43
104 106 65
104 106 72
104 106 77
104 106 85
104 107 22
104 107 36
104 107 41
104 107 50
104 107 63
104 107 68
104 107 70
104 107 75
104 107 84
104 107 89
104 108 14
104 108 19
104 108 33
104 108 34
104 108 40
104 108 48
104 108 62
104 108 67
104 108 74
104 108 87
104 109 31
104 109 38
104 109 45
104 109 58
104 109 60
104 109 65
104 109 70
104 109 72
104 109 86
104 110 16
104 110 30
104 110 35
104 110 36
104 110 43
104 110 57
104 110 64
104 110 69
104 110 77
104 111 14
104 111 33
104 111 42
104 111 55
104 111 62
104 111 67
104 111 89
104 112 40
104 112 54
104 112 66
104 112 72
104 112 74
104 113 38
104 113 50
104 113 52
104 113 57
104 113 64
104 113 71
104 113 84
104 113 94
104 113 101
104 114 49
104 115 96
105 96 46
105 98 75
105 99 39
105 99 41
105 100 72
105 101 45
105 101 50
105 101 57
105 101 65
105 101 70
105 102 43
105 102 48
105 102 62
105 102 69
105 102 75
105 102 82
105 103 18
105 103 33
105 103 40
105 103 47
105 103 52
105 103 65
105 103 67
105 103 74
105 103 81
105 104 16
105 104 30
105 104 31
105 104 38
105 104 45
105 104 50
105 104 59
105 104 64
105 104 72
105 104 77
105 104 98
105 105 15
105 105 28
105 105 37
105 105 42
105 105 49
105 105 55
105 105 57
105 105 62
105 105 71
105 105 76
105 105 105
105 106 13
105 106 27
105 106 35
105 106 40
105 106 45
105 106 47
105 106 54
105 106 61
105 106 67
105 106 69
105 106 74
105 106 88
105 106 93
105 107 25
105 107 32
105 107 33
105 107 39
105 107 44
105 107 52
105 107 57
105 107 59
105 107 66
105 107 73
105 107 86
105 107 91
105 108 22
105 108 23
105 108 30
105 108 37
105 108 42
105 108 51
105 108 56
105 108 64
105 108 69
105 108 71
105 108 83
105 108 85
105 108 90
105 109 15
105 109 20
105 109 29
105 109 34
105 109 35
105 109 41
105 109 47
105 109 49
105 109 54
105 109 63
105 109 68
105 109 81
105 109 88
105 110 12
105 110 13
105 110 27
105 110 32
105 110 39
105 110 46
105 110 53
105 110 59
105 110 61
105 110 66
105 110 80
105 110 85
105 110 87
105 111 17
105 111 24
105 111 25
105 111 31
105 111 36
105 111 37
105 111 49
105 111 51
105 111 58
105 111 65
105 111 78
105 111 92
105 112 15
105 112 22
105 112 29
105 112 34
105 112 48
105 112 56
105 112 61
105 112 63
105 112 77
105 112 98
105 113 41
105 113 46
105 113 55
105 113 75
105 113 89
105 113 96
105 114 39
105 114 45
105 114 53
105 114 79
105 115 17
105 116 48
106 100 15
106 100 16
106 100 61
106 100 74
106 100 88
106 101 13
106 101 25
106 101 47
106 101 54
106 101 73
106 102 17
106 102 51
106 102 71
106 102 78
106 102 85
106 103 15
106 103 44
106 103 56
106 103 70
106 103 76
106 103 83
106 103 88
106 104 14
106 104 19
106 104 20
106 104 41
106 104 53
106 104 66
106 104 68
106 104 75
106 104 80
106 104 82
106 104 87
106 105 12
106 105 17
106 105 39
106 105 44
106 105 46
106 105 51
106 105 65
106 105 73
106 105 78
106 105 85
106 105 92
106 106 16
106 106 24
106 106 38
106 106 50
106 106 63
106 106 72
106 106 77
106 106 82
106 106 84
106 106 90
106 107 14
106 107 21
106 107 36
106 107 41
106 107 46
106 107 48
106 107 62
106 107 68
106 107 70
106 107 75
106 107 80
106 107 89
106 107 94
106 108 33
106 108 34
106 108 40
106 108 45
106 108 58
106 108 60
106 108 67
106 108 74
106 108 79
106 108 87
106 109 18
106 109 31
106 109 38
106 109 43
106 109 57
106 109 65
106 109 70
106 109 72
106 109 77
106 109 84
106 109 86
106 109 91
106 110 16
106 110 30
106 110 35
106 110 36
106 110 42
106 110 55
106 110 64
106 110 69
106 110 76
106 110 82
106 110 89
106 111 13
106 111 14
106 111 28
106 111 33
106 111 40
106 111 54
106 111 60
106 111 62
106 111 67
106 111 72
106 111 74
106 111 81
106 111 86
106 111 88
106 112 25
106 112 26
106 112 38
106 112 50
106 112 52
106 112 59
106 112 66
106 112 71
106 112 79
106 113 64
106 113 69
106 113 78
106 113 83
106 114 34
106 114 56
106 114 68
106 114 97
106 115 52
106 115 101
106 116 18
106 116 29
106 116 94
106 117 49
106 118 48
107 100 77
107 101 36
107 101 75
107 102 40
107 102 94
107 103 67
107 103 72
107 103 79
107 103 91
107 103 93
107 104 16
107 104 31
107 104 37
107 104 57
107 104 64
107 104 71
107 104 89
107 105 15
107 105 28
107 105 35
107 105 49
107 105 54
107 105 62
107 105 67
107 105 76
107 105 88
107 106 13
107 106 18
107 106 27
107 106 32
107 106 33
107 106 40
107 106 45
107 106 52
107 106 66
107 106 74
107 106 86
107 107 17
107 107 25
107 107 39
107 107 44
107 107 51
107 107 57
107 107 59
107 107 64
107 107 73
107 107 83
107 107 85
107 107 91
107 108 15
107 108 22
107 108 29
107 108 37
107 108 42
107 108 47
107 108 49
107 108 56
107 108 63
107 108 69
107 108 71
107 108 81
107 108 90
107 108 95
107 108 97
107 109 27
107 109 35
107 109 41
107 109 46
107 109 54
107 109 59
107 109 61
107 109 68
107 109 80
107 109 88
107 109 93
107 110 24
107 110 25
107 110 32
107 110 39
107 110 44
107 110 53
107 110 58
107 110 66
107 110 78
107 110 85
107 110 87
107 110 92
107 110 100
107 111 17
107 111 31
107 111 36
107 111 37
107 111 43
107 111 49
107 111 51
107 111 56
107 111 65
107 111 77
107 111 83
107 111 90
107 111 99
107 112 14
107 112 15
107 112 34
107 112 41
107 112 48
107 112 55
107 112 61
107 112 63
107 112 73
107 112 75
107 112 82
107 112 87
107 112 89
107 113 46
107 113 51
107 113 60
107 113 72
107 113 80
107 113 85
107 114 50
107 114 58
107 114 70
107 114 79
107 114 92
107 115 48
107 115 75
107 115 82
107 116 97
107 117 18
107 117 45
107 117 77
107 118 94
107 119 40
108 99 15
108 100 13
108 100 90
108 101 78
108 102 17
108 102 42
108 102 71
108 103 15
108 103 54
108 103 75
108 103 83
108 103 88
108 103 95
108 104 14
108 104 53
108 104 73
108 104 80
108 104 87
108 104 92
108 105 17
108 105 44
108 105 78
108 105 85
108 106 16
108 106 43
108 106 63
108 106 68
108 106 70
108 106 77
108 106 82
108 106 84
108 107 14
108 107 33
108 107 34
108 107 41
108 107 46
108 107 48
108 107 62
108 107 67
108 107 75
108 107 80
108 107 87
108 107 94
108 107 108
108 108 12
108 108 18
108 108 40
108 108 58
108 108 60
108 108 65
108 108 74
108 108 79
108 108 84
108 108 86
108 108 108
108 109 16
108 109 30
108 109 38
108 109 43
108 109 57
108 109 64
108 109 70
108 109 72
108 109 77
108 109 82
108 109 91
108 110 13
108 110 14
108 110 28
108 110 36
108 110 42
108 110 60
108 110 62
108 110 69
108 110 76
108 110 81
108 111 25
108 111 26
108 111 33
108 111 40
108 111 54
108 111 59
108 111 67
108 111 72
108 111 74
108 111 79
108 111 86
108 111 101
108 112 32
108 112 50
108 112 52
108 112 57
108 112 66
108 112 71
108 112 78
108 112 84
108 112 98
108 113 35
108 113 49
108 113 56
108 113 62
108 113 64
108 113 69
108 113 74
108 113 76
108 113 83
108 113 96
108 114 47
108 114 52
108 114 54
108 114 61
108 114 68
108 114 73
108 114 81
108 114 95
108 115 18
108 115 46
108 115 59
108 115 66
108 115 71
108 116 58
108 116 63
108 117 56
108 117 61
108 117 66
108 117 75
108 117 98
108 119 58
109 97 49
109 103 19
109 104 16
109 104 76
109 105 15
109 105 27
109 105 40
109 105 61
109 105 67
109 105 88
109 106 13
109 106 45
109 106 91
109 107 11
109 107 17
109 107 22
109 107 37
109 107 44
109 107 64
109 107 69
109 107 71
109 107 83
109 107 85
109 107 90
109 108 15
109 108 47
109 108 49
109 108 54
109 108 68
109 108 81
109 108 88
109 109 12
109 109 13
109 109 32
109 109 59
109 109 61
109 109 66
109 109 80
109 109 85
109 109 87
109 109 93
109 110 49
109 110 51
109 110 58
109 110 65
109 110 78
109 110 83
109 110 97
109 110 99
109 111 14
109 111 15
109 111 22
109 111 61
109 111 63
109 111 77
109 111 82
109 111 90
109 111 95
109 112 21
109 112 41
109 112 55
109 112 60
109 112 73
109 112 75
109 112 80
109 112 89
109 112 94
109 113 38
109 113 45
109 113 51
109 113 58
109 113 72
109 113 79
109 113 85
109 113 92
109 113 99
109 114 16
109 114 17
109 114 43
109 114 50
109 114 57
109 114 70
109 114 75
109 114 77
109 114 84
109 114 89
109 114 91
109 114 107
109 115 14
109 115 40
109 115 53
109 115 69
109 115 74
109 115 82
109 115 96
109 116 13
109 116 47
109 116 65
109 116 67
109 116 81
109 116 102
109 117 50
109 117 71
109 117 107
109 119 66
109 119 74
109 121 22
109 126 14
110 99 15
110 102 15
110 103 75
110 105 17
110 105 85
110 105 90
110 106 16
110 106 62
110 106 75
110 106 89
110 106 96
110 107 14
110 107 46
110 107 60
110 107 67
110 107 74
110 108 11
110 108 18
110 108 57
110 108 72
110 108 79
110 108 84
110 108 86
110 108 91
110 108 108
110 109 16
110 109 55
110 109 77
110 109 82
110 109 89
110 110 13
110 110 14
110 110 54
110 110 60
110 110 62
110 110 67
110 110 76
110 110 81
110 110 86
110 110 88
110 111 52
110 111 59
110 111 66
110 111 72
110 111 74
110 111 79
110 111 84
110 111 98
110 112 49
110 112 57
110 112 64
110 112 71
110 112 78
110 112 83
110 112 96
110 112 105
110 113 22
110 113 47
110 113 56
110 113 61
110 113 69
110 113 74
110 113 76
110 113 81
110 113 95
110 114 20
110 114 46
110 114 54
110 114 59
110 114 68
110 114 73
110 114 80
110 114 93
110 115 17
110 115 18
110 115 44
110 115 58
110 115 64
110 115 66
110 115 71
110 115 76
110 115 78
110 115 92
110 116 15
110 116 41
110 116 54
110 116 70
110 116 88
110 117 61
110 117 68
110 117 73
110 118 60
110 118 94
110 119 56
110 119 68
110 119 84
110 119 90
110 119 105
110 121 65
110 122 100
111 102 18
111 103 16
111 104 15
111 104 89
111 106 52
111 107 17
111 107 63
111 108 15
111 108 34
111 108 59
111 108 88
111 109 12
111 109 13
111 109 19
111 109 24
111 109 46
111 109 53
111 109 87
111 109 92
111 110 44
111 110 56
111 110 78
111 110 83
111 110 90
111 110 99
111 111 14
111 111 15
111 111 29
111 111 61
111 111 63
111 111 77
111 111 82
111 111 87
111 111 89
111 111 95
111 112 19
111 112 46
111 112 51
111 112 53
111 112 73
111 112 75
111 112 80
111 112 85
111 112 94
111 112 99
111 112 101
111 113 16
111 113 17
111 113 39
111 113 45
111 113 72
111 113 79
111 113 84
111 113 92
111 113 97
111 114 14
111 114 43
111 114 48
111 114 57
111 114 70
111 114 77
111 114 82
111 114 89
111 114 91
111 114 96
111 115 41
111 115 69
111 115 81
111 115 87
111 115 94
111 115 101
111 116 77
111 116 79
111 116 86
111 116 93
111 116 99
111 117 16
111 117 71
111 117 76
111 117 84
111 117 98
111 117 107
111 118 15
111 118 62
111 118 67
111 118 96
111 118 104
111 119 73
111 120 64
111 120 106
111 121 76
112 104 17
112 105 16
112 106 14
112 107 11
112 108 77
112 109 16
112 109 69
112 109 76
112 109 82
112 110 13
112 110 14
112 110 54
112 110 72
112 110 74
112 110 88
112 110 101
112 110 106
112 111 50
112 111 52
112 111 79
112 111 98
112 111 109
112 112 49
112 112 56
112 112 62
112 112 69
112 112 78
112 112 83
112 112 96
112 112 103
112 112 110
112 113 47
112 113 54
112 113 76
112 113 81
112 113 95
112 113 108
112 114 17
112 114 18
112 114 59
112 114 66
112 114 98
112 114 107
112 115 15
112 115 71
112 115 76
112 115 78
112 115 90
112 115 92
112 115 97
112 115 113
112 116 14
112 116 61
112 116 70
112 116 95
112 116 102
112 117 12
112 117 20
112 117 73
112 117 87
112 117 92
112 118 44
112 118 65
112 118 72
112 119 63
112 119 68
112 119 70
112 119 84
112 119 97
112 120 48
112 122 11
112 122 57
112 122 77
112 127 125
112 132 16
113 106 17
113 107 15
113 108 13
113 108 88
113 108 93
113 108 107
113 108 109
113 109 92
113 109 97
113 110 83
113 110 90
113 111 14
113 111 15
113 111 73
113 111 82
113 111 102
113 112 12
113 112 80
113 112 85
113 112 92
113 112 99
113 112 101
113 113 16
113 113 17
113 113 45
113 113 57
113 113 79
113 113 84
113 113 89
113 113 91
113 114 14
113 114 48
113 114 69
113 114 82
113 114 87
113 114 96
113 114 101
113 114 103
113 115 19
113 115 74
113 115 81
113 115 86
113 115 94
113 116 16
113 116 64
113 116 77
113 116 79
113 116 84
113 116 91
113 116 98
113 117 15
113 117 49
113 117 62
113 117 76
113 117 83
113 117 89
113 117 96
113 118 69
113 118 74
113 118 79
113 118 88
113 118 95
113 119 73
113 119 78
113 119 86
113 120 85
113 121 75
113 121 83
113 122 73
113 123 70
113 124 63
113 126 72
113 130 16
114 105 16
114 106 33
114 107 11
114 107 12
114 108 16
114 109 13
114 109 14
114 110 11
114 110 86
114 110 88
114 110 100
114 111 30
114 111 64
114 111 84
114 112 8
114 112 61
114 112 83
114 112 95
114 113 54
114 113 73
114 114 17
114 114 58
114 114 66
114 114 80
114 114 92
114 114 98
114 115 15
114 115 70
114 115 78
114 115 88
114 115 97
114 116 14
114 116 20
114 116 75
114 116 87
114 116 95
114 117 46
114 117 73
114 117 85
114 117 92
114 117 94
114 118 16
114 118 84
114 119 80
114 119 82
114 119 94
114 120 40
114 120 58
114 120 67
114 120 79
114 120 87
114 120 92
114 121 77
114 121 91
114 122 76
114 122 84
114 123 60
114 123 62
114 123 88
114 124 71
114 124 86
114 125 69
114 125 78
114 129 15
114 129 17
115 103 15
115 109 17
115 110 14
115 110 15
115 110 82
115 111 0
115 111 12
115 111 94
115 112 11
115 112 85
115 112 92
115 113 16
115 113 17
115 113 77
115 113 84
115 113 89
115 113 91
115 113 96
115 114 14
115 114 87
115 114 101
115 115 72
115 115 81
115 115 86
115 115 91
115 115 93
115 115 99
115 115 113
115 116 16
115 116 37
115 116 50
115 116 71
115 116 77
115 116 84
115 116 89
115 117 15
115 117 21
115 117 62
115 117 67
115 117 69
115 117 76
115 117 83
115 117 88
115 117 96
115 118 13
115 118 18
115 118 74
115 118 79
115 118 81
115 118 86
115 118 93
115 118 95
115 118 118
115 119 17
115 119 59
115 119 78
115 119 85
115 119 91
115 119 107
115 120 71
115 120 76
115 120 81
115 120 83
115 120 103
115 120 113
115 121 54
115 121 80
115 121 88
115 122 66
115 122 71
115 122 87
115 123 51
115 123 85
115 123 106
115 130 18
116 109 40
116 111 83
116 111 103
116 112 81
116 112 95
116 113 80
116 114 17
116 114 18
116 114 76
116 114 90
116 114 92
116 114 97
116 115 15
116 115 75
116 115 88
116 115 95
116 116 14
116 116 73
116 116 87
116 116 92
116 116 94
116 117 17
116 117 72
116 117 85
116 117 90
116 117 104
116 117 106
116 118 16
116 118 22
116 118 55
116 118 68
116 118 70
116 118 84
116 118 89
116 119 14
116 119 80
116 119 82
116 119 87
116 119 94
116 119 96
116 120 12
116 120 18
116 120 58
116 120 65
116 120 79
116 121 16
116 121 77
116 121 98
116 121 114
116 122 81
116 122 89
116 122 94
116 123 79
116 123 88
116 123 93
116 124 91
116 125 74
116 126 73
116 126 81
116 126 86
116 127 18
116 128 15
116 128 17
116 128 70
116 132 16
116 133 33
116 134 13
116 138 17
117 106 15
117 110 14
117 110 15
117 111 85
117 112 16
117 112 17
117 112 84
117 113 14
117 113 89
117 114 94
117 115 18
117 115 79
117 115 86
117 115 93
117 116 16
117 116 71
117 116 76
117 116 84
117 116 89
117 116 96
117 117 15
117 117 74
117 117 83
117 117 88
117 118 13
117 118 59
117 118 73
117 118 79
117 118 81
117 118 86
117 118 91
117 119 11
117 119 17
117 119 64
117 119 69
117 119 71
117 119 85
117 119 90
117 119 103
117 120 15
117 120 63
117 120 76
117 120 81
117 120 83
117 120 88
117 121 13
117 121 59
117 121 61
117 121 66
117 121 75
117 121 80
117 121 87
117 121 100
117 122 71
117 122 73
117 122 78
117 122 83
117 122 85
117 122 105
117 123 82
117 123 104
117 124 14
117 124 94
117 126 17
117 126 65
117 126 77
117 126 91
117 127 16
117 129 18
118 113 17
118 113 59
118 113 80
118 113 93
118 114 15
118 115 14
118 115 75
118 115 88
118 115 95
118 116 87
118 116 92
118 116 99
118 117 17
118 118 16
118 118 68
118 118 84
118 118 89
118 118 94
118 119 14
118 119 80
118 119 82
118 119 87
118 119 92
118 119 108
118 119 114
118 120 12
118 120 18
118 120 79
118 120 86
118 120 99
118 120 104
118 120 113
118 121 11
118 121 16
118 121 82
118 121 84
118 121 89
118 121 96
118 121 98
118 121 103
118 122 14
118 122 88
118 122 94
118 123 72
118 123 79
118 123 84
118 123 86
118 123 98
118 124 91
118 125 69
118 125 76
118 125 81
118 125 90
118 125 95
118 126 46
118 126 93
118 127 66
118 128 15
118 128 17
118 128 106
118 132 55
118 133 13
118 134 18
118 136 15
118 137 11
118 138 17
118 139 15
119 105 17
119 107 13
119 112 16
119 114 19
119 114 86
119 115 16
119 115 79
119 115 84
119 115 98
119 116 15
119 116 83
119 116 89
119 117 13
119 117 20
119 117 79
119 117 81
119 117 88
119 117 93
119 118 0
119 118 18
119 118 73
119 118 78
119 118 86
119 118 91
119 118 105
119 119 17
119 119 63
119 119 69
119 119 76
119 119 85
119 119 90
119 119 110
119 120 15
119 120 20
119 120 41
119 120 68
119 120 75
119 120 81
119 120 83
119 120 88
119 120 102
119 120 107
119 120 109
119 121 13
119 121 66
119 121 71
119 121 73
119 121 80
119 121 87
119 121 100
119 121 105
119 122 17
119 122 51
119 122 56
119 122 65
119 122 70
119 122 78
119 122 83
119 122 85
119 122 97
119 122 99
119 122 104
119 122 122
119 123 15
119 123 68
119 123 95
119 123 102
119 123 111
119 124 14
119 124 67
119 124 73
119 124 94
119 124 99
119 125 63
119 125 92
119 125 106
119 126 70
119 126 96
119 127 89
119 127 94
119 129 16
119 129 18
119 130 96
119 130 106
119 132 17
119 133 57
119 134 14
119 135 12
119 139 18
119 140 16
120 112 20
120 113 17
120 114 15
120 115 14
120 115 20
120 115 73
120 116 17
120 116 99
120 117 16
120 117 84
120 118 14
120 118 21
120 118 80
120 118 82
120 118 94
120 118 96
120 119 12
120 119 19
120 119 79
120 119 87
120 119 99
120 120 11
120 120 18
120 120 43
120 120 77
120 120 86
120 120 91
120 120 96
120 120 98
120 120 104
120 121 16
120 121 50
120 121 76
120 121 82
120 121 84
120 121 89
120 121 94
120 121 103
120 121 108
120 122 14
120 122 47
120 122 48
120 122 72
120 122 74
120 122 88
120 122 93
120 122 101
120 123 11
120 123 13
120 123 86
120 123 91
120 123 98
120 123 100
120 124 83
120 124 96
120 124 103
120 125 68
120 125 74
120 125 76
120 125 81
120 125 86
120 125 95
120 125 102
120 126 66
120 126 73
120 126 93
120 127 17
120 127 63
120 127 76
120 127 92
120 128 14
120 128 88
120 128 90
120 129 68
120 129 80
120 130 17
120 130 72
120 131 16
120 131 63
120 132 62
120 133 13
120 133 18
120 136 20
120 138 17
121 116 15
121 116 96
121 117 13
121 117 18
121 117 86
121 118 17
121 119 15
121 119 68
121 119 81
121 120 13
121 120 20
121 120 66
121 120 75
121 120 80
121 121 10
121 121 12
121 121 19
121 121 71
121 121 73
121 121 78
121 121 87
121 121 99
121 121 105
121 122 85
121 122 95
121 122 104
121 123 15
121 123 49
121 123 55
121 123 94
121 123 102
121 123 107
121 124 12
121 124 14
121 124 72
121 124 92
121 124 99
121 124 101
121 124 106
121 125 11
121 125 17
121 125 57
121 125 63
121 125 65
121 125 79
121 125 91
121 125 97
121 125 104
121 126 16
121 126 77
121 126 87
121 126 89
121 126 96
121 126 109
121 127 67
121 127 74
121 127 94
121 127 99
121 127 108
121 128 59
121 128 64
121 128 84
121 128 93
121 128 98
121 129 57
121 129 71
121 129 89
121 129 91
121 129 103
121 130 131
121 132 17
121 132 76
121 133 15
121 133 63
121 133 130
121 134 116
121 138 19
121 140 14
122 106 18
122 116 85
122 117 16
122 117 102
122 118 14
122 118 67
122 118 87
122 118 96
122 119 12
122 119 18
122 119 86
122 119 92
122 119 113
122 120 9
122 120 16
122 120 77
122 120 84
122 120 91
122 120 103
122 121 14
122 121 48
122 121 76
122 121 89
122 121 94
122 121 101
122 122 11
122 122 13
122 122 72
122 122 79
122 122 93
122 122 98
122 122 100
122 122 106
122 123 10
122 123 86
122 123 91
122 123 96
122 124 56
122 124 74
122 124 76
122 124 83
122 124 90
122 124 95
122 125 20
122 125 73
122 125 81
122 125 86
122 125 88
122 125 100
122 125 102
122 126 18
122 126 51
122 126 66
122 126 71
122 126 85
122 126 98
122 127 15
122 127 17
122 127 63
122 127 70
122 127 76
122 127 97
122 128 14
122 128 61
122 128 66
122 128 75
122 128 82
122 128 95
122 129 60
122 129 65
122 129 73
122 129 94
122 129 107
122 130 63
122 130 113
122 131 62
122 131 68
122 131 70
122 131 80
122 132 110
122 133 18
122 133 70
122 134 16
122 137 17
122 138 15
122 141 15
122 141 17
123 114 79
123 116 61
123 117 120
123 118 17
123 118 85
123 119 15
123 119 81
123 119 83
123 119 88
123 120 13
123 120 19
123 120 61
123 120 80
123 120 87
123 120 114
123 121 17
123 121 58
123 121 85
123 121 97
123 122 9
123 122 15
123 122 77
123 122 82
123 122 95
123 122 109
123 123 12
123 123 14
123 123 21
123 123 55
123 123 75
123 123 94
123 123 99
123 123 101
123 123 107
123 124 6
123 124 11
123 124 19
123 124 45
123 124 79
123 124 92
123 124 97
123 125 9
123 125 17
123 125 70
123 125 75
123 125 77
123 125 91
123 125 96
123 125 104
123 126 14
123 126 16
123 126 48
123 126 74
123 126 87
123 126 89
123 126 94
123 126 101
123 127 13
123 127 52
123 127 59
123 127 72
123 127 86
123 127 93
123 127 99
123 127 106
123 127 113
123 127 115
123 128 16
123 128 18
123 128 50
123 128 64
123 128 71
123 128 98
123 128 103
123 128 105
123 128 111
123 129 15
123 129 67
123 129 69
123 129 83
123 129 96
123 129 101
123 129 119
123 130 18
123 130 61
123 130 66
123 130 81
123 130 95
123 130 116
123 131 64
123 131 91
123 131 93
123 132 76
123 132 97
123 133 75
123 133 111
123 138 18
123 139 14
124 118 19
124 118 79
124 119 18
124 120 16
124 120 82
124 120 96
124 121 14
124 121 88
124 122 11
124 122 13
124 122 59
124 122 98
124 123 23
124 123 78
124 123 103
124 124 74
124 124 90
124 124 95
124 124 100
124 124 102
124 125 66
124 125 80
124 125 86
124 125 98
124 126 0
124 126 18
124 126 76
124 126 78
124 126 85
124 126 92
124 126 97
124 126 110
124 127 15
124 127 17
124 127 42
124 127 61
124 127 75
124 127 83
124 127 88
124 127 90
124 127 95
124 128 14
124 128 48
124 128 66
124 128 73
124 128 82
124 128 94
124 128 107
124 128 114
124 129 17
124 129 19
124 129 65
124 129 72
124 129 80
124 129 85
124 129 106
124 130 55
124 130 68
124 130 70
124 130 77
124 130 89
124 130 102
124 130 111
124 131 41
124 131 75
124 131 80
124 131 101
124 131 109
124 132 74
124 133 16
124 133 24
124 133 70
124 133 119
124 134 48
124 134 55
124 134 69
124 134 76
124 135 67
124 135 79
124 137 17
124 137 74
124 139 12
124 139 135
124 140 17
125 110 19
125 118 90
125 120 12
125 120 19
125 121 17
125 121 83
125 122 15
125 122 21
125 123 12
125 123 14
125 123 19
125 123 99
125 123 101
125 124 11
125 124 17
125 124 58
125 125 14
125 125 16
125 125 96
125 125 101
125 125 103
125 125 109
125 126 13
125 126 87
125 126 94
125 126 99
125 126 108
125 126 113
125 126 115
125 127 11
125 127 86
125 127 98
125 127 106
125 127 111
125 128 16
125 128 18
125 128 91
125 128 103
125 128 105
125 128 110
125 129 8
125 129 15
125 129 67
125 129 83
125 129 101
125 129 108
125 129 124
125 130 59
125 130 79
125 130 100
125 130 105
125 131 56
125 131 98
125 131 103
125 132 15
125 132 54
125 132 63
125 132 76
125 132 102
125 133 75
125 133 93
125 133 100
125 133 107
125 134 44
125 134 59
125 134 71
125 134 73
125 135 70
125 136 73
125 139 14
125 139 16
125 140 13
125 143 13
126 112 17
126 119 16
126 120 94
126 120 108
126 121 13
126 121 59
126 121 74
126 122 100
126 123 83
126 123 117
126 124 20
126 124 68
126 124 73
126 124 102
126 125 18
126 125 80
126 125 85
126 125 93
126 125 98
126 125 112
126 126 15
126 126 17
126 126 76
126 126 83
126 126 97
126 126 110
126 127 14
126 127 48
126 127 61
126 127 66
126 127 75
126 127 82
126 127 88
126 127 90
126 127 95
126 127 114
126 127 116
126 128 20
126 128 60
126 128 65
126 128 73
126 128 78
126 128 80
126 128 107
126 128 112
126 129 11
126 129 17
126 129 19
126 129 72
126 129 77
126 129 85
126 129 90
126 129 92
126 129 104
126 129 106
126 129 111
126 130 9
126 130 16
126 130 75
126 130 84
126 130 89
126 130 102
126 130 109
126 130 118
126 131 14
126 131 19
126 131 74
126 131 82
126 131 101
126 131 106
126 131 108
126 131 114
126 132 13
126 132 52
126 132 70
126 132 72
126 132 86
126 132 99
126 133 64
126 133 69
126 133 77
126 133 98
126 133 103
126 133 111
126 134 117
126 135 45
126 135 66
126 136 71
126 137 113
126 138 73
126 140 64
126 141 14
127 119 80
127 120 17
127 122 12
127 122 14
127 122 107
127 123 19
127 123 113
127 123 119
127 124 17
127 124 70
127 124 75
127 124 91
127 125 14
127 125 16
127 125 21
127 125 74
127 125 89
127 125 96
127 126 13
127 126 19
127 126 72
127 126 86
127 126 94
127 126 106
127 126 113
127 126 115
127 127 16
127 127 18
127 127 25
127 127 59
127 127 64
127 127 84
127 127 93
127 127 98
127 127 103
127 127 105
127 127 111
127 128 1
127 128 15
127 128 67
127 128 89
127 128 91
127 128 101
127 128 110
127 128 115
127 129 13
127 129 79
127 129 88
127 129 95
127 129 100
127 129 108
127 129 113
127 130 18
127 130 78
127 130 98
127 130 105
127 130 107
127 130 130
127 131 17
127 131 103
127 131 110
127 132 15
127 132 49
127 132 61
127 132 75
127 132 81
127 132 93
127 132 102
127 132 107
127 132 125
127 133 59
127 133 80
127 133 92
127 133 100
127 133 105
127 134 70
127 134 78
127 134 85
127 134 120
127 135 55
127 135 68
127 135 77
127 135 102
127 136 53
127 136 117
127 137 18
127 137 51
127 137 79
127 138 36
128 120 14
128 125 18
128 125 64
128 126 15
128 126 17
128 126 75
128 126 88
128 126 90
128 127 14
128 127 20
128 127 82
128 127 87
128 127 95
128 127 107
128 127 121
128 128 12
128 128 17
128 128 19
128 128 78
128 128 85
128 128 104
128 128 106
128 128 112
128 129 16
128 129 70
128 129 84
128 129 90
128 129 111
128 130 14
128 130 55
128 130 82
128 130 89
128 130 109
128 130 114
128 131 13
128 131 19
128 131 65
128 131 79
128 131 87
128 131 99
128 131 106
128 131 108
128 131 113
128 132 11
128 132 58
128 132 86
128 132 98
128 132 104
128 132 111
128 133 16
128 133 62
128 133 69
128 133 84
128 133 94
128 133 96
128 133 103
128 133 110
128 134 15
128 134 60
128 134 101
128 135 18
128 135 71
128 135 91
128 136 64
128 136 98
128 137 15
128 137 68
128 137 74
128 137 76
128 138 59
128 138 85
128 139 58
128 140 61
128 140 70
129 121 111
129 123 17
129 124 14
129 124 16
129 125 13
129 126 11
129 126 19
129 126 99
129 126 111
129 127 16
129 127 18
129 127 23
129 127 91
129 127 103
129 128 15
129 128 54
129 128 88
129 128 96
129 129 13
129 129 18
129 129 20
129 129 61
129 129 86
129 129 100
129 129 107
129 129 113
129 130 12
129 130 17
129 130 64
129 130 85
129 130 103
129 130 112
129 131 15
129 131 57
129 131 97
129 131 110
129 132 14
129 132 61
129 132 80
129 132 88
129 132 95
129 132 100
129 132 107
129 132 109
129 133 58
129 133 73
129 133 92
129 133 99
129 133 105
129 134 104
129 134 117
129 135 55
129 135 89
129 135 102
129 136 53
129 137 50
129 137 65
129 137 84
129 138 75
129 139 81
129 140 79
129 141 71
129 143 86
130 123 20
130 124 66
130 124 114
130 125 15
130 125 17
130 125 76
130 125 110
130 126 14
130 126 61
130 126 82
130 126 90
130 126 95
130 126 116
130 127 12
130 127 20
130 127 87
130 127 94
130 128 17
130 128 19
130 128 72
130 128 85
130 128 90
130 128 104
130 128 106
130 128 111
130 128 119
130 129 16
130 129 22
130 129 75
130 129 89
130 129 109
130 130 14
130 130 19
130 130 21
130 130 82
130 130 106
130 130 121
130 131 13
130 131 18
130 131 72
130 131 86
130 131 99
130 131 118
130 132 11
130 132 16
130 132 64
130 132 82
130 132 98
130 132 103
130 132 111
130 132 116
130 133 15
130 133 62
130 133 67
130 133 94
130 133 96
130 133 108
130 133 110
130 133 115
130 134 11
130 134 13
130 134 54
130 134 59
130 134 66
130 134 100
130 134 106
130 134 113
130 134 122
130 135 57
130 135 64
130 135 96
130 135 110
130 135 112
130 136 17
130 136 61
130 136 62
130 136 74
130 136 90
130 136 103
130 136 108
130 137 68
130 137 86
130 137 88
130 137 107
130 138 71
130 138 92
130 139 10
130 139 17
130 139 64
130 139 83
130 140 82
130 152 19
131 122 14
131 123 91
131 124 14
131 124 21
131 125 86
131 126 16
131 127 15
131 127 110
131 128 13
131 128 21
131 128 88
131 128 95
131 129 12
131 129 18
131 129 20
131 129 66
131 129 100
131 129 107
131 130 17
131 130 76
131 131 15
131 131 75
131 131 83
131 131 88
131 131 97
131 132 14
131 132 87
131 132 93
131 132 100
131 132 105
131 133 12
131 133 58
131 133 70
131 133 83
131 133 104
131 134 95
131 134 97
131 134 102
131 134 116
131 135 55
131 135 89
131 135 94
131 135 101
131 136 87
131 136 92
131 136 99
131 136 113
131 137 18
131 137 50
131 137 51
131 137 62
131 137 91
131 137 96
131 137 118
131 138 14
131 138 16
131 138 82
131 138 87
131 138 89
131 139 81
131 139 93
131 139 113
131 140 89
131 142 86
132 125 15
132 126 14
132 127 17
132 127 19
132 128 16
132 128 77
132 128 118
132 129 14
132 129 68
132 129 82
132 130 19
132 130 87
132 130 101
132 131 11
132 131 18
132 131 57
132 131 99
132 131 111
132 132 16
132 132 23
132 132 108
132 132 110
132 132 116
132 133 15
132 133 20
132 133 67
132 133 115
132 133 120
132 133 122
132 134 11
132 134 13
132 134 18
132 134 71
132 134 100
132 134 105
132 134 113
132 134 118
132 134 127
132 135 17
132 135 49
132 135 57
132 135 64
132 135 91
132 135 96
132 135 98
132 135 110
132 135 112
132 136 13
132 136 15
132 136 56
132 136 61
132 136 62
132 136 90
132 136 95
132 136 102
132 136 108
132 136 115
132 137 46
132 137 73
132 137 88
132 137 93
132 137 98
132 137 107
132 137 112
132 137 114
132 138 92
132 138 97
132 138 105
132 138 110
132 139 15
132 139 104
132 139 109
132 139 117
132 140 14
132 142 120
132 142 134
132 143 96
132 152 17
133 125 19
133 126 16
133 127 15
133 127 101
133 127 117
133 128 18
133 128 20
133 128 81
133 129 17
133 129 78
133 129 105
133 130 15
133 131 14
133 131 80
133 132 10
133 132 12
133 132 58
133 132 59
133 132 71
133 132 105
133 132 119
133 133 22
133 133 51
133 133 99
133 133 104
133 134 21
133 134 82
133 134 95
133 134 97
133 134 102
133 134 116
133 135 19
133 135 80
133 135 85
133 135 114
133 136 18
133 136 65
133 136 92
133 136 97
133 136 99
133 136 111
133 136 113
133 136 118
133 137 14
133 137 16
133 137 63
133 137 91
133 137 109
133 137 116
133 138 94
133 138 108
133 138 131
133 139 20
133 139 65
133 139 86
133 139 106
133 139 111
133 139 129
133 140 62
133 140 84
133 140 91
133 140 105
133 140 128
133 141 15
133 141 74
133 141 103
133 141 124
134 125 15
134 128 16
134 129 14
134 129 82
134 130 13
134 130 18
134 131 16
134 131 116
134 132 15
134 132 21
134 132 108
134 133 13
134 133 20
134 133 113
134 134 10
134 134 18
134 134 71
134 134 105
134 134 110
134 134 118
134 135 17
134 135 56
134 136 7
134 136 13
134 136 15
134 136 20
134 136 47
134 136 61
134 136 62
134 136 86
134 136 115
134 136 120
134 137 19
134 137 93
134 137 100
134 137 112
134 137 114
134 137 119
134 137 137
134 138 15
134 138 17
134 138 64
134 138 97
134 138 117
134 139 14
134 139 88
134 139 90
134 139 116
134 140 99
134 141 85
134 142 16
134 142 96
134 143 87
134 143 101
134 143 129
134 144 99
135 126 16
135 126 89
135 127 15
135 128 18
135 128 20
135 129 17
135 130 15
135 131 14
135 132 12
135 132 92
135 133 22
135 133 70
135 133 95
135 134 21
135 134 27
135 134 73
135 134 89
135 134 114
135 135 19
135 135 24
135 135 119
135 135 126
135 136 18
135 136 23
135 136 65
135 136 70
135 137 14
135 137 16
135 137 48
135 137 82
135 137 108
135 137 116
135 137 121
135 138 13
135 138 94
135 138 106
135 138 113
135 138 115
135 139 11
135 139 16
135 139 18
135 139 105
135 139 111
135 139 118
135 140 15
135 140 89
135 140 101
135 140 103
135 140 110
135 140 115
135 141 8
135 141 13
135 141 88
135 141 100
135 141 108
135 141 113
135 142 12
135 142 98
135 143 97
135 143 142
135 144 138
135 163 18
136 128 16
136 130 18
136 131 16
136 131 116
136 132 15
136 132 20
136 132 67
136 133 11
136 133 13
136 133 118
136 134 17
136 134 112
136 135 1
136 135 8
136 135 13
136 135 15
136 135 22
136 135 61
136 135 90
136 136 20
136 136 25
136 136 27
136 136 120
136 137 10
136 137 19
136 137 71
136 137 92
136 137 119
136 138 17
136 138 83
136 138 117
136 139 7
136 139 14
136 139 21
136 139 68
136 139 100
136 139 107
136 139 114
136 139 116
136 140 17
136 140 19
136 140 99
136 140 112
136 141 16
136 141 97
136 141 102
136 141 104
136 141 111
136 142 14
136 142 96
136 142 101
136 143 108
136 145 94
136 145 103
136 153 21
136 160 13
137 128 18
137 129 17
137 132 24
137 133 21
137 133 116
137 134 19
137 135 18
137 135 92
137 136 14
137 136 16
137 136 123
137 137 13
137 137 21
137 137 87
137 137 113
137 137 115
137 138 20
137 138 72
137 139 16
137 139 18
137 139 65
137 139 110
137 139 118
137 140 15
137 140 83
137 140 101
137 140 103
137 140 115
137 141 18
137 141 20
137 141 100
137 141 113
137 141 120
137 141 129
137 142 17
137 142 78
137 142 105
137 143 15
137 143 102
137 144 14
137 144 100
137 144 109
137 145 99
137 145 105
137 145 107
137 167 16
138 131 16
138 132 15
138 134 17
138 134 69
138 135 13
138 135 15
138 135 20
138 135 28
138 136 12
138 136 19
138 136 25
138 136 119
138 137 15
138 137 17
138 138 14
138 138 109
138 138 114
138 139 21
138 139 102
138 139 112
138 140 17
138 140 19
138 140 99
138 140 111
138 141 16
138 141 104
138 141 131
138 142 14
138 142 101
138 142 128
138 143 13
138 143 86
138 143 104
138 143 106
138 144 98
139 134 19
139 135 18
139 135 125
139 136 14
139 136 16
139 136 96
139 137 13
139 137 20
139 137 26
139 137 28
139 137 120
139 138 16
139 138 118
139 139 15
139 139 23
139 139 117
139 140 13
139 140 22
139 140 103
139 141 120
139 142 17
139 142 30
139 142 103
139 142 117
139 143 15
139 143 102
139 144 93
139 144 100
139 144 107
139 144 114
139 145 17
139 145 117
139 146 16
139 146 116
139 146 124
139 146 134
139 147 101
139 147 137
139 148 113
139 149 104
139 156 24
140 128 74
140 131 15
140 132 13
140 133 18
140 133 112
140 134 17
140 135 13
140 135 15
140 135 20
140 135 120
140 137 15
140 137 17
140 138 14
140 138 21
140 138 129
140 138 134
140 139 7
140 139 17
140 140 16
140 140 124
140 141 14
140 141 123
140 142 121
140 143 104
140 143 106
140 143 118
140 143 120
140 144 23
140 144 123
140 145 115
140 146 18
140 146 113
140 147 17
141 135 18
141 136 14
141 136 16
141 138 16
141 139 15
141 140 13
141 140 18
141 141 17
141 141 25
141 141 117
141 141 119
141 142 15
141 142 24
141 142 29
141 142 115
141 143 14
141 143 27
141 143 114
141 144 19
141 144 112
141 145 17
141 145 117
141 146 21
141 146 102
141 146 107
141 146 109
141 146 146
141 147 14
141 148 18
141 149 111
141 172 17
142 133 17
142 134 15
142 137 15
142 137 17
142 138 14
142 138 126
142 139 17
142 140 16
142 141 14
142 141 121
142 142 120
142 143 11
142 143 125
142 144 123
142 145 122
142 146 25
142 147 17
142 147 117
142 150 10
142 150 112
142 151 139
142 152 107
143 133 119
143 134 18
143 135 14
143 135 16
143 136 13
143 136 21
143 137 111
143 138 16
143 138 18
143 139 15
143 139 27
143 140 13
143 140 20
143 141 12
143 141 17
143 141 124
143 142 10
143 142 15
143 143 14
143 143 19
143 143 119
143 144 12
143 144 17
143 144 31
143 144 139
143 145 16
143 145 29
143 146 28
143 147 19
143 147 24
143 148 104
143 149 14
143 149 16
143 149 108
143 150 20
143 151 155
144 135 19
144 136 15
144 136 17
144 137 14
144 139 17
144 139 19
144 140 16
144 140 28
144 142 118
144 142 125
144 143 11
144 143 132
144 144 120
144 144 122
144 145 18
144 145 118
144 145 145
144 146 17
144 146 30
144 146 112
144 147 15
144 147 22
144 148 20
144 148 114
144 149 19
144 150 17
144 150 109
144 151 14
144 159 45
145 135 16
145 135 116
145 138 15
145 140 12
145 140 18
145 141 17
145 142 15
145 142 20
145 142 27
145 142 122
145 143 26
145 143 32
145 144 17
145 145 16
145 145 29
145 145 116
145 145 121
145 147 18
145 147 24
145 148 16
145 150 111
145 152 15
145 169 54
146 134 20
146 136 15
146 139 16
146 140 14
146 144 120
146 146 17
146 146 117
146 146 130
146 147 142
146 148 19
146 149 126
146 151 21
146 154 21
146 155 13
146 182 18
147 140 17
147 141 15
147 143 26
147 144 17
147 144 29
147 145 16
147 145 28
147 145 121
147 146 19
147 146 24
147 147 18
147 148 9
147 148 16
147 148 130
147 148 143
147 149 8
147 149 128
147 150 16
147 152 13
147 153 157
147 155 115
147 156 157
147 188 18
148 135 24
148 138 17
148 139 16
148 141 26
148 145 18
148 146 17
148 146 22
148 147 120
148 148 12
148 148 32
148 148 37
148 148 126
148 149 36
148 151 12
148 151 17
148 151 133
149 136 25
149 141 15
149 143 17
149 143 117
149 144 16
149 144 24
149 145 14
149 148 14
149 148 16
149 148 21
149 149 127
149 150 18
149 150 137
149 153 125
149 153 148
149 156 19
149 184 17
150 146 15
150 147 154
150 148 24
150 148 31
150 149 15
150 149 136
150 151 17
150 151 24
150 151 33
150 151 124
150 151 133
150 152 11
150 152 16
150 152 145
150 153 14
150 153 19
150 154 18
150 160 15
151 141 20
151 143 17
151 144 16
151 145 133
151 147 16
151 147 23
151 149 32
151 150 16
151 151 129
151 151 142
151 153 132
152 145 17
152 147 127
152 148 15
152 148 17
152 149 14
152 153 14
152 153 21
152 154 18
152 154 147
152 155 16
152 157 118
152 160 150
153 143 16
153 143 143
153 145 133
153 147 16
153 149 18
153 149 37
153 150 15
153 151 134
153 154 20
153 156 17
153 157 36
153 158 14
154 144 17
154 148 17
154 151 16
154 151 36
154 152 143
154 153 19
154 154 120
154 159 15
155 146 16
155 149 16
155 150 28
155 152 146
155 153 136
155 155 19
155 155 26
155 157 16
155 158 26
156 144 122
156 155 15
156 155 135
156 156 20
156 156 134
156 157 18
156 158 17
156 159 15
156 175 56
157 155 17
157 155 133
157 156 36
157 156 143
157 159 23
157 163 28
157 181 66
158 149 26
158 151 23
158 154 16
158 155 15
158 157 17
158 158 15
159 154 26
159 157 19
159 157 48
159 158 11
159 158 18
159 159 16
159 166 144
160 153 16
160 157 17
160 158 15
160 158 49
160 160 36
160 162 41
160 162 46
160 163 29
161 158 157
161 160 14
161 160 20
161 163 27
161 164 20
162 159 19
162 159 32
162 160 43
162 161 14
162 163 29
162 166 18
162 178 55
163 150 5
163 160 33
163 164 30
163 164 146
163 166 156
163 187 93
164 161 12
164 164 21
164 168 13
164 172 24
165 163 20
165 164 18
165 166 20
165 167 12
165 169 14
165 170 45
165 181 56
166 165 18
166 165 19
166 165 45
166 166 16
166 166 144
166 168 13
167 167 9
167 167 17
167 167 38
167 171 16
167 175 22
167 177 176
168 150 21
168 155 25
168 155 37
168 164 18
168 166 144
168 169 17
168 172 25
168 173 179
168 180 67
168 185 71
169 163 17
169 164 15
169 165 19
169 165 66
169 170 18
169 172 14
170 168 17
170 174 19
170 178 25
171 165 20
171 166 17
171 167 16
171 174 8
172 164 25
172 167 18
172 168 151
172 169 20
172 175 17
172 178 45
172 179 167
173 168 153
173 169 18
173 170 16
173 171 14
173 171 154
173 174 147
173 177 15
174 171 17
174 172 14
174 172 15
174 173 19
174 174 17
174 174 58
174 177 38
174 207 218
175 170 16
175 173 22
175 175 17
175 175 18
175 180 55
175 182 183
176 171 17
176 173 19
176 174 17
176 176 18
176 177 16
176 178 157
176 179 169
176 181 56
177 174 25
177 175 17
177 182 57
178 174 16
178 176 13
178 176 67
178 177 16
179 175 17
179 175 18
179 177 19
179 179 22
179 183 14
180 176 18
181 174 18
181 178 17
181 183 20
181 187 59
182 188 26
182 190 23
182 190 37
183 176 19
183 182 16
183 185 69
183 186 20
184 198 27
185 178 22
185 181 69
185 190 190
186 194 20
187 196 54
188 190 20
188 196 43
188 197 12
188 201 99
189 184 88
189 189 189
189 200 85
190 199 14
195 194 20
195 195 193
196 195 21
196 203 216
197 176 157
197 197 20
197 198 37
198 188 61
198 191 22
198 197 23
200 194 182
201 200 194
204 207 68
205 201 189
205 213 133
208 209 62
208 212 91
211 218 62
212 202 34
212 205 202
212 219 63
212 227 120
213 214 101
214 204 36
214 210 77
214 219 61
215 209 17
218 212 200
218 226 139
221 217 86
221 221 97
222 212 85
222 234 62
223 230 133
224 218 87
227 218 210
228 214 120
228 224 39
229 226 111
230 228 90
231 246 139
232 224 37
233 219 125
234 230 131
234 231 109
235 232 83
235 235 242
236 230 91
236 238 142
239 236 114
240 226 132
240 231 133
240 237 236
240 238 161
242 231 101
242 231 106
242 233 135
243 235 135
243 238 143
244 237 109
245 234 136
245 237 50
245 240 139
245 242 122
246 238 93
247 234 116
247 235 67
247 243 226
249 241 54
250 231 152
253 241 187
254 240 118
