56 56 70
56 59 36
56 62 78
57 57 41
57 58 40
57 58 81
57 59 38
57 60 35
57 60 37
57 60 42
57 61 33
58 54 42
58 56 32
58 57 44
58 57 67
58 58 36
58 59 41
58 61 24
59 54 53
59 55 45
59 56 50
59 56 55
59 57 40
59 57 48
59 57 53
59 57 62
59 58 47
59 59 35
59 59 50
59 60 33
59 60 49
59 61 27
59 61 40
59 62 25
59 62 39
59 63 22
59 63 29
59 64 47
59 65 94
59 65 103
59 66 99
59 66 106
60 55 67
60 56 32
60 56 44
60 56 46
60 57 24
60 57 37
60 57 42
60 57 56
60 57 64
60 58 29
60 58 34
60 58 36
60 58 54
60 59 61
60 59 82
60 60 51
60 61 48
60 61 50
60 61 84
60 62 83
60 66 109
60 66 114
60 73 108
61 53 53
61 53 55
61 54 51
61 55 43
61 56 41
61 56 48
61 56 55
61 56 62
61 57 35
61 57 40
61 57 45
61 57 47
61 57 53
61 57 60
61 58 31
61 58 38
61 58 52
61 58 57
61 58 59
61 58 65
61 59 30
61 59 35
61 59 37
61 59 50
61 59 55
61 59 64
61 59 71
61 59 73
61 60 28
61 60 33
61 60 47
61 60 49
61 60 54
61 60 62
61 60 77
61 60 83
61 60 85
61 61 27
61 61 32
61 61 37
61 61 61
61 61 68
61 61 82
61 62 35
61 63 29
61 63 47
61 63 91
61 64 20
61 64 27
61 64 64
61 64 103
61 64 109
61 66 106
61 66 111
61 67 110
61 71 107
62 54 62
62 55 40
62 55 61
62 56 39
62 56 44
62 56 64
62 57 24
62 57 42
62 57 56
62 57 63
62 57 69
62 57 71
62 58 34
62 58 36
62 58 41
62 58 54
62 58 61
62 58 68
62 58 82
62 59 32
62 59 39
62 59 53
62 59 58
62 59 60
62 59 66
62 59 81
62 59 89
62 60 24
62 60 31
62 60 36
62 60 38
62 60 51
62 60 56
62 60 65
62 60 79
62 61 29
62 61 50
62 61 55
62 61 63
62 61 78
62 61 84
62 61 86
62 62 28
62 62 53
62 62 62
62 62 83
62 62 90
62 63 26
62 63 31
62 63 45
62 63 50
62 63 52
62 63 68
62 63 100
62 64 23
62 64 30
62 64 71
62 64 92
62 64 119
62 65 21
62 65 28
62 65 40
62 65 65
62 65 70
62 65 76
62 65 110
62 66 82
62 66 87
62 66 109
62 66 116
62 67 80
62 68 72
62 68 106
62 69 34
62 75 28
62 75 112
63 53 53
63 54 46
63 55 43
63 55 55
63 55 57
63 55 63
63 56 33
63 56 35
63 56 41
63 56 53
63 57 40
63 57 45
63 57 52
63 57 60
63 57 65
63 58 30
63 58 38
63 58 43
63 58 50
63 58 57
63 58 59
63 58 64
63 58 80
63 59 35
63 59 37
63 59 42
63 59 47
63 59 49
63 59 55
63 59 62
63 59 78
63 60 27
63 60 33
63 60 40
63 60 54
63 60 59
63 60 61
63 61 23
63 61 25
63 61 32
63 61 39
63 61 44
63 61 52
63 61 57
63 61 73
63 61 75
63 61 80
63 61 107
63 62 22
63 62 30
63 62 35
63 62 42
63 62 49
63 62 51
63 62 56
63 62 72
63 62 92
63 63 20
63 63 29
63 63 34
63 63 39
63 63 41
63 63 47
63 63 54
63 63 70
63 63 75
63 63 91
63 64 19
63 64 25
63 64 46
63 64 69
63 64 87
63 64 94
63 64 101
63 64 103
63 65 24
63 65 67
63 65 72
63 65 99
63 65 106
63 65 113
63 66 29
63 66 71
63 66 84
63 66 103
63 66 105
63 66 118
63 67 26
63 67 69
63 67 83
63 67 110
63 69 107
63 70 21
63 71 107
63 71 109
63 72 105
64 54 49
64 56 44
64 56 46
64 56 56
64 57 42
64 57 54
64 57 63
64 58 32
64 58 41
64 58 53
64 58 61
64 58 66
64 59 26
64 59 31
64 59 39
64 59 51
64 59 58
64 59 60
64 59 65
64 59 71
64 59 73
64 59 81
64 60 24
64 60 29
64 60 36
64 60 38
64 60 48
64 60 50
64 60 56
64 60 63
64 60 70
64 60 79
64 60 84
64 60 98
64 61 28
64 61 34
64 61 46
64 61 55
64 61 60
64 61 62
64 61 68
64 62 24
64 62 26
64 62 33
64 62 45
64 62 53
64 62 58
64 62 67
64 62 74
64 62 81
64 62 90
64 62 95
64 62 100
64 62 102
64 63 23
64 63 31
64 63 43
64 63 50
64 63 57
64 63 65
64 63 73
64 63 80
64 63 86
64 63 88
64 63 93
64 63 112
64 64 21
64 64 30
64 64 40
64 64 42
64 64 48
64 64 55
64 64 62
64 64 64
64 64 71
64 64 76
64 64 78
64 64 85
64 64 92
64 64 110
64 65 26
64 65 28
64 65 52
64 65 54
64 65 60
64 65 70
64 65 83
64 66 18
64 66 37
64 66 45
64 66 50
64 66 59
64 66 68
64 66 73
64 66 82
64 66 87
64 66 94
64 66 114
64 66 116
64 66 121
64 66 126
64 67 57
64 67 80
64 67 85
64 67 92
64 67 112
64 68 22
64 68 77
64 68 84
64 68 118
64 69 30
64 69 46
64 69 82
64 69 87
64 69 109
64 70 79
64 70 99
64 70 108
64 70 113
64 71 111
64 72 108
65 55 36
65 55 41
65 55 57
65 56 48
65 57 38
65 57 45
65 57 47
65 57 52
65 57 57
65 58 35
65 58 37
65 58 43
65 58 50
65 58 55
65 58 64
65 59 33
65 59 42
65 59 47
65 59 49
65 59 54
65 59 62
65 59 76
65 60 27
65 60 32
65 60 40
65 60 45
65 60 52
65 60 59
65 60 61
65 60 72
65 60 74
65 60 82
65 61 23
65 61 25
65 61 30
65 61 37
65 61 39
65 61 44
65 61 49
65 61 51
65 61 57
65 61 71
65 61 80
65 61 99
65 61 101
65 62 22
65 62 29
65 62 35
65 62 42
65 62 47
65 62 56
65 62 69
65 62 111
65 63 20
65 63 25
65 63 27
65 63 34
65 63 39
65 63 41
65 63 46
65 63 54
65 63 68
65 63 75
65 63 77
65 63 91
65 63 96
65 63 101
65 63 103
65 63 116
65 64 24
65 64 32
65 64 37
65 64 44
65 64 51
65 64 53
65 64 66
65 64 74
65 64 87
65 64 89
65 64 94
65 64 108
65 64 113
65 64 121
65 65 31
65 65 36
65 65 41
65 65 43
65 65 49
65 65 63
65 65 65
65 65 72
65 65 86
65 65 93
65 65 106
65 65 111
65 66 27
65 66 29
65 66 48
65 66 61
65 66 71
65 66 84
65 66 89
65 66 91
65 66 96
65 66 105
65 66 110
65 67 17
65 67 38
65 67 46
65 67 60
65 67 69
65 67 83
65 67 88
65 67 95
65 67 101
65 67 117
65 68 24
65 68 31
65 68 45
65 68 58
65 68 68
65 68 79
65 68 81
65 68 86
65 68 91
65 68 93
65 68 100
65 69 23
65 69 28
65 69 35
65 69 85
65 69 90
65 69 103
65 69 112
65 70 19
65 70 31
65 70 33
65 70 76
65 70 81
65 70 83
65 70 88
65 70 97
65 70 110
65 70 129
65 70 131
65 71 18
65 71 25
65 71 95
65 71 107
65 71 109
65 72 28
65 72 50
65 72 78
65 73 97
65 73 116
65 74 25
66 56 37
66 56 42
66 57 34
66 57 36
66 57 54
66 57 61
66 58 32
66 58 39
66 58 53
66 58 58
66 58 60
66 59 22
66 59 31
66 59 36
66 59 38
66 59 51
66 59 56
66 59 65
66 59 78
66 60 29
66 60 34
66 60 48
66 60 50
66 60 55
66 60 63
66 60 68
66 60 77
66 61 19
66 61 28
66 61 33
66 61 46
66 61 53
66 61 60
66 61 62
66 61 67
66 61 73
66 61 75
66 61 83
66 61 90
66 61 96
66 61 103
66 62 24
66 62 26
66 62 31
66 62 45
66 62 50
66 62 52
66 62 58
66 62 65
66 62 72
66 62 81
66 62 86
66 62 95
66 62 100
66 62 102
66 63 23
66 63 30
66 63 43
66 63 48
66 63 57
66 63 62
66 63 64
66 63 70
66 63 80
66 63 85
66 63 93
66 63 98
66 63 119
66 64 21
66 64 26
66 64 28
66 64 40
66 64 42
66 64 47
66 64 55
66 64 60
66 64 69
66 64 76
66 64 78
66 64 83
66 64 92
66 64 97
66 65 20
66 65 38
66 65 45
66 65 52
66 65 54
66 65 59
66 65 67
66 65 75
66 65 82
66 65 88
66 65 90
66 65 95
66 65 114
66 65 116
66 66 16
66 66 18
66 66 37
66 66 42
66 66 44
66 66 50
66 66 57
66 66 64
66 66 66
66 66 73
66 66 78
66 66 80
66 66 87
66 66 94
66 66 107
66 66 112
66 67 22
66 67 35
66 67 40
66 67 49
66 67 56
66 67 62
66 67 72
66 67 77
66 67 85
66 67 90
66 67 92
66 67 104
66 67 106
66 67 111
66 68 34
66 68 39
66 68 61
66 68 70
66 68 75
66 68 84
66 68 89
66 68 102
66 68 109
66 68 116
66 69 32
66 69 37
66 69 46
66 69 51
66 69 80
66 69 82
66 69 87
66 69 101
66 69 106
66 69 108
66 69 114
66 69 121
66 70 29
66 70 36
66 70 49
66 70 86
66 70 99
66 70 104
66 70 118
66 70 120
66 71 34
66 71 48
66 71 82
66 71 84
66 71 98
66 71 111
66 71 123
66 71 132
66 72 94
66 72 96
66 72 108
66 72 110
66 72 115
66 72 122
66 73 22
66 73 24
66 73 106
66 73 113
66 74 98
66 74 112
66 74 117
66 75 115
66 76 114
67 57 38
67 57 43
67 57 57
67 57 59
67 57 64
67 58 28
67 58 35
67 58 37
67 58 42
67 58 62
67 58 82
67 59 27
67 59 33
67 59 40
67 59 47
67 59 49
67 59 54
67 59 59
67 59 61
67 59 72
67 60 23
67 60 25
67 60 32
67 60 37
67 60 45
67 60 52
67 60 57
67 60 71
67 60 79
67 61 22
67 61 30
67 61 35
67 61 44
67 61 49
67 61 51
67 61 56
67 61 69
67 61 78
67 61 92
67 61 99
67 61 106
67 62 20
67 62 29
67 62 34
67 62 42
67 62 47
67 62 54
67 62 68
67 62 74
67 62 76
67 62 91
67 63 19
67 63 25
67 63 27
67 63 32
67 63 39
67 63 41
67 63 46
67 63 51
67 63 53
67 63 66
67 63 73
67 63 87
67 63 89
67 63 96
67 63 101
67 63 103
67 64 15
67 64 17
67 64 24
67 64 31
67 64 37
67 64 44
67 64 49
67 64 63
67 64 65
67 64 71
67 64 86
67 64 94
67 64 99
67 64 106
67 65 22
67 65 27
67 65 29
67 65 36
67 65 41
67 65 43
67 65 48
67 65 61
67 65 70
67 65 84
67 65 93
67 65 98
67 65 103
67 65 105
67 65 111
67 65 118
67 66 21
67 66 26
67 66 34
67 66 39
67 66 46
67 66 60
67 66 68
67 66 83
67 66 89
67 66 91
67 66 96
67 66 101
67 66 110
67 66 115
67 66 117
67 67 17
67 67 19
67 67 24
67 67 33
67 67 38
67 67 43
67 67 45
67 67 58
67 67 65
67 67 67
67 67 79
67 67 81
67 67 88
67 67 95
67 67 100
67 68 16
67 68 23
67 68 29
67 68 31
67 68 36
67 68 41
67 68 55
67 68 57
67 68 63
67 68 78
67 68 86
67 68 91
67 68 93
67 68 98
67 68 105
67 68 107
67 68 112
67 69 19
67 69 21
67 69 28
67 69 35
67 69 40
67 69 53
67 69 62
67 69 76
67 69 85
67 69 90
67 69 97
67 69 103
67 69 110
67 69 124
67 69 129
67 69 131
67 70 18
67 70 26
67 70 31
67 70 33
67 70 52
67 70 81
67 70 83
67 70 88
67 70 93
67 70 95
67 70 102
67 70 107
67 70 109
67 70 122
67 70 127
67 71 25
67 71 80
67 71 87
67 71 100
67 71 105
67 71 119
67 71 121
67 72 23
67 72 47
67 72 78
67 72 83
67 72 85
67 72 90
67 72 104
67 72 117
67 72 124
67 72 133
67 73 95
67 73 116
67 74 18
67 74 114
67 74 119
67 75 17
67 75 99
67 75 113
67 76 109
68 55 37
68 56 34
68 58 39
68 58 58
68 58 65
68 59 29
68 59 36
68 59 38
68 59 56
68 59 63
68 59 70
68 59 83
68 60 21
68 60 34
68 60 48
68 60 50
68 60 55
68 60 60
68 60 62
68 60 68
68 60 73
68 61 24
68 61 26
68 61 33
68 61 46
68 61 53
68 61 58
68 61 67
68 61 72
68 61 80
68 62 23
68 62 31
68 62 45
68 62 50
68 62 52
68 62 57
68 62 65
68 62 70
68 62 79
68 62 86
68 62 93
68 62 100
68 63 21
68 63 30
68 63 43
68 63 48
68 63 55
68 63 62
68 63 64
68 63 69
68 63 75
68 63 77
68 63 85
68 63 110
68 64 20
68 64 26
68 64 28
68 64 40
68 64 42
68 64 47
68 64 52
68 64 54
68 64 60
68 64 67
68 64 74
68 64 83
68 64 88
68 64 90
68 64 97
68 64 109
68 65 16
68 65 18
68 65 25
68 65 38
68 65 45
68 65 50
68 65 59
68 65 64
68 65 66
68 65 72
68 65 82
68 65 87
68 65 95
68 65 107
68 65 114
68 65 116
68 66 23
68 66 37
68 66 42
68 66 44
68 66 49
68 66 57
68 66 62
68 66 71
68 66 78
68 66 80
68 66 85
68 66 94
68 66 104
68 66 106
68 66 112
68 66 119
68 67 22
68 67 35
68 67 40
68 67 47
68 67 54
68 67 56
68 67 61
68 67 69
68 67 77
68 67 84
68 67 90
68 67 92
68 67 102
68 67 111
68 67 116
68 67 118
68 67 124
68 68 18
68 68 20
68 68 34
68 68 39
68 68 46
68 68 52
68 68 59
68 68 66
68 68 68
68 68 75
68 68 80
68 68 82
68 68 89
68 68 101
68 68 109
68 68 114
68 68 123
68 68 128
68 68 130
68 69 17
68 69 30
68 69 32
68 69 37
68 69 42
68 69 51
68 69 56
68 69 58
68 69 64
68 69 74
68 69 79
68 69 87
68 69 99
68 69 106
68 69 108
68 69 113
68 69 121
68 70 29
68 70 36
68 70 49
68 70 54
68 70 63
68 70 72
68 70 77
68 70 86
68 70 98
68 70 104
68 70 111
68 70 118
68 70 120
68 70 125
68 70 130
68 71 27
68 71 46
68 71 48
68 71 69
68 71 71
68 71 76
68 71 82
68 71 84
68 71 94
68 71 96
68 71 103
68 71 108
68 71 110
68 71 123
68 72 26
68 72 31
68 72 67
68 72 93
68 72 101
68 72 106
68 72 115
68 72 120
68 72 122
68 72 127
68 73 24
68 73 36
68 73 73
68 73 100
68 73 105
68 73 113
68 73 118
68 73 134
68 74 21
68 74 90
68 74 96
68 74 98
68 74 103
68 74 110
68 74 112
68 74 117
68 75 26
68 75 76
68 76 18
68 76 114
68 76 119
68 76 127
68 77 124
68 78 116
69 56 45
69 58 28
69 58 33
69 58 42
69 58 55
69 59 27
69 59 32
69 59 40
69 59 59
69 59 61
69 60 23
69 60 25
69 60 37
69 60 39
69 60 44
69 60 57
69 60 86
69 61 22
69 61 29
69 61 35
69 61 42
69 61 49
69 61 51
69 61 56
69 61 69
69 61 74
69 61 83
69 61 97
69 62 20
69 62 25
69 62 27
69 62 34
69 62 39
69 62 41
69 62 47
69 62 54
69 62 68
69 62 73
69 62 81
69 62 104
69 63 19
69 63 24
69 63 32
69 63 37
69 63 46
69 63 51
69 63 53
69 63 66
69 63 71
69 63 80
69 63 94
69 63 103
69 63 108
69 63 113
69 64 15
69 64 22
69 64 31
69 64 36
69 64 44
69 64 49
69 64 63
69 64 65
69 64 70
69 64 76
69 64 78
69 64 86
69 64 93
69 64 99
69 64 106
69 65 14
69 65 21
69 65 27
69 65 29
69 65 34
69 65 41
69 65 43
69 65 48
69 65 61
69 65 68
69 65 75
69 65 84
69 65 89
69 65 91
69 65 98
69 65 103
69 65 110
69 66 17
69 66 19
69 66 26
69 66 33
69 66 39
69 66 46
69 66 60
69 66 65
69 66 67
69 66 73
69 66 83
69 66 88
69 66 96
69 66 101
69 66 108
69 66 115
69 66 117
69 67 24
69 67 29
69 67 31
69 67 38
69 67 43
69 67 45
69 67 58
69 67 63
69 67 72
69 67 79
69 67 81
69 67 86
69 67 95
69 67 100
69 67 105
69 67 107
69 67 113
69 68 23
69 68 28
69 68 36
69 68 41
69 68 55
69 68 57
69 68 62
69 68 70
69 68 78
69 68 85
69 68 91
69 68 93
69 68 98
69 68 103
69 68 112
69 68 125
69 69 13
69 69 19
69 69 21
69 69 26
69 69 35
69 69 40
69 69 53
69 69 60
69 69 67
69 69 69
69 69 76
69 69 81
69 69 83
69 69 90
69 69 97
69 69 102
69 69 110
69 69 124
69 69 129
69 70 18
69 70 25
69 70 31
69 70 33
69 70 38
69 70 52
69 70 57
69 70 59
69 70 65
69 70 75
69 70 80
69 70 88
69 70 93
69 70 95
69 70 100
69 70 107
69 70 109
69 70 122
69 70 127
69 70 134
69 71 16
69 71 23
69 71 30
69 71 37
69 71 50
69 71 64
69 71 73
69 71 78
69 71 87
69 71 92
69 71 99
69 71 105
69 71 119
69 71 121
69 71 126
69 71 133
69 72 15
69 72 20
69 72 33
69 72 47
69 72 62
69 72 70
69 72 72
69 72 77
69 72 85
69 72 90
69 72 95
69 72 97
69 72 104
69 72 117
69 73 82
69 73 89
69 73 94
69 73 102
69 73 116
69 73 121
69 73 123
69 73 128
69 74 101
69 74 114
69 74 119
69 75 15
69 75 91
69 75 97
69 75 111
69 75 113
69 75 123
69 75 125
69 76 77
69 76 109
69 76 116
69 77 108
69 77 120
69 78 118
69 80 129
70 56 41
70 57 32
70 58 36
70 58 38
70 58 70
70 59 16
70 59 29
70 59 34
70 59 48
70 59 56
70 59 68
70 60 46
70 60 55
70 60 60
70 60 62
70 60 67
70 61 24
70 61 26
70 61 31
70 61 45
70 61 53
70 61 58
70 61 65
70 62 23
70 62 30
70 62 43
70 62 50
70 62 52
70 62 57
70 62 62
70 62 64
70 62 70
70 62 75
70 62 77
70 62 98
70 63 21
70 63 26
70 63 28
70 63 40
70 63 42
70 63 48
70 63 55
70 63 60
70 63 69
70 63 74
70 64 20
70 64 25
70 64 38
70 64 47
70 64 52
70 64 54
70 64 59
70 64 67
70 64 72
70 64 88
70 64 95
70 64 114
70 65 16
70 65 18
70 65 23
70 65 37
70 65 45
70 65 50
70 65 57
70 65 64
70 65 66
70 65 71
70 65 87
70 65 94
70 65 107
70 65 112
70 65 121
70 66 22
70 66 35
70 66 42
70 66 44
70 66 49
70 66 54
70 66 56
70 66 62
70 66 69
70 66 85
70 66 90
70 66 92
70 66 104
70 66 106
70 66 119
70 67 18
70 67 20
70 67 34
70 67 40
70 67 47
70 67 52
70 67 61
70 67 66
70 67 68
70 67 84
70 67 89
70 67 102
70 67 109
70 67 116
70 67 118
70 67 123
70 68 17
70 68 30
70 68 32
70 68 39
70 68 44
70 68 46
70 68 51
70 68 59
70 68 64
70 68 80
70 68 82
70 68 87
70 68 101
70 68 106
70 68 108
70 68 114
70 68 121
70 68 128
70 69 29
70 69 37
70 69 42
70 69 49
70 69 56
70 69 58
70 69 63
70 69 79
70 69 86
70 69 99
70 69 104
70 69 113
70 69 118
70 69 120
70 69 126
70 70 14
70 70 27
70 70 36
70 70 41
70 70 46
70 70 48
70 70 54
70 70 61
70 70 77
70 70 82
70 70 84
70 70 98
70 70 103
70 70 111
70 70 116
70 70 125
70 70 130
70 71 26
70 71 32
70 71 34
70 71 39
70 71 44
70 71 53
70 71 58
70 71 60
70 71 76
70 71 81
70 71 94
70 71 96
70 71 101
70 71 108
70 71 110
70 71 115
70 71 123
70 71 128
70 72 22
70 72 24
70 72 31
70 72 38
70 72 51
70 72 56
70 72 74
70 72 79
70 72 93
70 72 100
70 72 106
70 72 113
70 72 120
70 72 122
70 72 134
70 73 21
70 73 29
70 73 36
70 73 55
70 73 71
70 73 73
70 73 78
70 73 91
70 73 96
70 73 98
70 73 105
70 73 110
70 73 112
70 73 118
70 73 125
70 73 130
70 74 19
70 74 28
70 74 53
70 74 76
70 74 90
70 74 95
70 74 103
70 74 108
70 74 117
70 74 122
70 74 124
70 74 137
70 75 18
70 75 26
70 75 86
70 75 93
70 75 102
70 75 107
70 75 115
70 75 120
70 75 127
70 76 14
70 76 85
70 76 92
70 76 105
70 76 112
70 76 114
70 76 119
70 76 126
70 77 97
70 77 110
70 77 122
70 77 131
70 78 121
70 79 107
70 80 97
70 80 124
70 83 111
71 56 38
71 59 37
71 59 39
71 60 35
71 60 49
71 60 51
71 60 69
71 61 22
71 61 29
71 61 34
71 61 42
71 61 47
71 61 56
71 61 68
71 62 25
71 62 27
71 62 32
71 62 41
71 62 46
71 62 54
71 62 66
71 62 73
71 62 86
71 63 24
71 63 31
71 63 37
71 63 44
71 63 51
71 63 53
71 63 63
71 63 65
71 63 71
71 63 76
71 63 78
71 63 85
71 63 99
71 64 17
71 64 22
71 64 27
71 64 29
71 64 36
71 64 41
71 64 43
71 64 49
71 64 61
71 64 70
71 64 75
71 64 83
71 64 98
71 65 21
71 65 26
71 65 34
71 65 39
71 65 48
71 65 60
71 65 68
71 65 73
71 65 82
71 65 89
71 65 91
71 65 96
71 65 103
71 65 110
71 65 115
71 66 17
71 66 19
71 66 24
71 66 33
71 66 38
71 66 46
71 66 58
71 66 65
71 66 67
71 66 72
71 66 78
71 66 80
71 66 88
71 66 95
71 66 101
71 66 108
71 66 113
71 67 23
71 67 29
71 67 31
71 67 36
71 67 43
71 67 45
71 67 55
71 67 57
71 67 63
71 67 70
71 67 77
71 67 86
71 67 91
71 67 93
71 67 100
71 67 105
71 67 107
71 67 112
71 67 125
71 68 14
71 68 19
71 68 21
71 68 28
71 68 35
71 68 41
71 68 53
71 68 62
71 68 67
71 68 69
71 68 75
71 68 85
71 68 90
71 68 98
71 68 103
71 68 110
71 68 124
71 69 18
71 69 26
71 69 31
71 69 33
71 69 40
71 69 52
71 69 60
71 69 65
71 69 74
71 69 81
71 69 83
71 69 88
71 69 97
71 69 102
71 69 107
71 69 109
71 69 122
71 69 129
71 69 136
71 70 16
71 70 25
71 70 30
71 70 38
71 70 50
71 70 57
71 70 59
71 70 64
71 70 72
71 70 80
71 70 87
71 70 93
71 70 95
71 70 100
71 70 105
71 70 119
71 70 121
71 70 127
71 71 15
71 71 21
71 71 23
71 71 28
71 71 37
71 71 47
71 71 49
71 71 55
71 71 62
71 71 69
71 71 71
71 71 78
71 71 83
71 71 85
71 71 92
71 71 99
71 71 104
71 71 117
71 71 126
71 71 131
71 72 20
71 72 27
71 72 33
71 72 35
71 72 45
71 72 54
71 72 59
71 72 61
71 72 67
71 72 77
71 72 82
71 72 90
71 72 95
71 72 97
71 72 102
71 72 116
71 72 124
71 72 129
71 73 18
71 73 23
71 73 52
71 73 66
71 73 75
71 73 80
71 73 89
71 73 94
71 73 101
71 73 114
71 73 121
71 73 123
71 73 128
71 74 22
71 74 30
71 74 64
71 74 72
71 74 74
71 74 85
71 74 87
71 74 92
71 74 97
71 74 99
71 74 111
71 74 113
71 74 119
71 74 126
71 75 77
71 75 84
71 75 91
71 75 109
71 75 118
71 75 123
71 75 125
71 75 138
71 76 27
71 76 51
71 76 82
71 76 108
71 76 116
71 76 121
71 77 86
71 77 106
71 77 113
71 77 115
71 77 120
71 77 133
71 78 118
71 78 132
71 79 117
71 79 130
71 80 129
72 59 29
72 60 33
72 60 60
72 60 72
72 61 24
72 61 26
72 61 45
72 61 50
72 61 52
72 61 70
72 62 23
72 62 43
72 62 48
72 62 57
72 62 62
72 62 64
72 62 69
72 63 26
72 63 28
72 63 40
72 63 42
72 63 47
72 63 55
72 63 60
72 63 67
72 63 74
72 63 97
72 64 20
72 64 25
72 64 38
72 64 45
72 64 52
72 64 54
72 64 59
72 64 64
72 64 66
72 64 72
72 64 86
72 64 95
72 64 109
72 65 18
72 65 23
72 65 37
72 65 42
72 65 44
72 65 50
72 65 57
72 65 62
72 65 71
72 65 84
72 65 94
72 66 22
72 66 35
72 66 40
72 66 49
72 66 54
72 66 56
72 66 61
72 66 69
72 66 83
72 66 90
72 66 92
72 66 104
72 66 111
72 66 116
72 67 18
72 67 20
72 67 34
72 67 39
72 67 47
72 67 52
72 67 59
72 67 66
72 67 68
72 67 79
72 67 81
72 67 89
72 67 102
72 67 109
72 67 114
72 68 17
72 68 30
72 68 32
72 68 37
72 68 44
72 68 46
72 68 51
72 68 56
72 68 58
72 68 64
72 68 78
72 68 87
72 68 101
72 68 106
72 68 108
72 68 113
72 68 121
72 68 126
72 69 29
72 69 36
72 69 42
72 69 49
72 69 54
72 69 63
72 69 76
72 69 86
72 69 99
72 69 104
72 69 111
72 69 118
72 69 125
72 70 27
72 70 32
72 70 34
72 70 41
72 70 46
72 70 48
72 70 53
72 70 61
72 70 75
72 70 82
72 70 84
72 70 98
72 70 103
72 70 108
72 70 110
72 70 116
72 70 123
72 70 130
72 71 26
72 71 31
72 71 39
72 71 44
72 71 51
72 71 58
72 71 60
72 71 73
72 71 81
72 71 94
72 71 96
72 71 101
72 71 106
72 71 115
72 71 120
72 71 122
72 71 128
72 72 22
72 72 24
72 72 29
72 72 38
72 72 43
72 72 56
72 72 70
72 72 72
72 72 79
72 72 93
72 72 100
72 72 105
72 72 113
72 72 118
72 72 127
72 72 132
72 72 134
72 73 21
72 73 28
72 73 36
72 73 41
72 73 46
72 73 55
72 73 68
72 73 78
72 73 91
72 73 96
72 73 98
72 73 103
72 73 110
72 73 112
72 73 117
72 73 125
72 73 130
72 73 137
72 74 19
72 74 26
72 74 33
72 74 40
72 74 76
72 74 90
72 74 95
72 74 102
72 74 108
72 74 115
72 74 122
72 74 124
72 74 129
72 74 134
72 74 136
72 75 38
72 75 43
72 75 65
72 75 73
72 75 75
72 75 88
72 75 93
72 75 98
72 75 100
72 75 107
72 75 112
72 75 114
72 75 120
72 75 127
72 75 132
72 76 14
72 76 16
72 76 21
72 76 30
72 76 85
72 76 92
72 76 97
72 76 105
72 76 110
72 76 119
72 76 124
72 76 126
72 76 131
72 77 13
72 77 20
72 77 104
72 77 109
72 77 117
72 77 122
72 77 129
72 78 82
72 78 94
72 78 100
72 78 102
72 78 114
72 78 116
72 78 121
72 78 126
72 79 119
72 79 124
72 79 133
72 80 123
72 80 131
72 81 130
72 82 113
72 82 126
73 58 40
73 58 45
73 59 25
73 59 39
73 59 44
73 60 22
73 60 42
73 61 34
73 61 39
73 61 41
73 61 47
73 62 32
73 62 37
73 62 46
73 62 51
73 62 53
73 62 71
73 63 24
73 63 31
73 63 36
73 63 44
73 63 49
73 63 63
73 63 65
73 63 70
73 63 76
73 63 83
73 64 27
73 64 29
73 64 34
73 64 41
73 64 43
73 64 48
73 64 61
73 64 68
73 64 75
73 64 82
73 64 90
73 65 21
73 65 26
73 65 33
73 65 39
73 65 46
73 65 60
73 65 65
73 65 67
73 65 73
73 65 78
73 65 80
73 65 87
73 65 96
73 65 101
73 65 115
73 66 17
73 66 19
73 66 24
73 66 29
73 66 31
73 66 38
73 66 43
73 66 45
73 66 58
73 66 63
73 66 72
73 66 77
73 66 85
73 66 95
73 66 100
73 66 113
73 67 23
73 67 28
73 67 36
73 67 41
73 67 55
73 67 57
73 67 62
73 67 70
73 67 75
73 67 84
73 67 91
73 67 93
73 67 98
73 67 105
73 67 107
73 68 14
73 68 19
73 68 21
73 68 26
73 68 35
73 68 40
73 68 53
73 68 60
73 68 67
73 68 69
73 68 74
73 68 80
73 68 82
73 68 90
73 68 97
73 68 103
73 68 110
73 68 124
73 68 129
73 68 131
73 69 18
73 69 25
73 69 31
73 69 33
73 69 38
73 69 52
73 69 57
73 69 59
73 69 65
73 69 72
73 69 79
73 69 88
73 69 93
73 69 95
73 69 102
73 69 107
73 69 109
73 69 122
73 70 16
73 70 21
73 70 23
73 70 30
73 70 37
73 70 50
73 70 55
73 70 64
73 70 69
73 70 71
73 70 77
73 70 87
73 70 92
73 70 100
73 70 105
73 70 119
73 70 121
73 70 126
73 70 134
73 71 15
73 71 20
73 71 28
73 71 33
73 71 35
73 71 47
73 71 49
73 71 54
73 71 62
73 71 67
73 71 76
73 71 83
73 71 85
73 71 90
73 71 99
73 71 104
73 71 117
73 71 124
73 71 131
73 72 11
73 72 13
73 72 18
73 72 27
73 72 32
73 72 45
73 72 52
73 72 59
73 72 61
73 72 66
73 72 74
73 72 82
73 72 89
73 72 95
73 72 97
73 72 102
73 72 116
73 72 121
73 72 123
73 72 129
73 73 17
73 73 23
73 73 25
73 73 30
73 73 49
73 73 51
73 73 57
73 73 64
73 73 71
73 73 73
73 73 80
73 73 85
73 73 87
73 73 94
73 73 101
73 73 114
73 73 119
73 73 128
73 74 22
73 74 29
73 74 42
73 74 56
73 74 61
73 74 63
73 74 69
73 74 79
73 74 84
73 74 92
73 74 97
73 74 99
73 74 111
73 74 113
73 74 118
73 74 126
73 74 138
73 75 20
73 75 27
73 75 46
73 75 77
73 75 82
73 75 91
73 75 96
73 75 109
73 75 116
73 75 123
73 75 125
73 75 137
73 76 19
73 76 24
73 76 44
73 76 76
73 76 87
73 76 89
73 76 94
73 76 108
73 76 113
73 76 115
73 76 121
73 77 15
73 77 65
73 77 79
73 77 93
73 77 106
73 77 111
73 77 120
73 77 132
73 77 140
73 78 91
73 78 105
73 78 118
73 78 130
73 78 137
73 78 139
73 79 101
73 79 103
73 79 117
73 79 127
73 79 129
73 80 100
73 80 134
73 81 132
73 82 129
73 83 134
73 85 150
74 60 33
74 61 23
74 62 21
74 62 40
74 62 48
74 62 55
74 63 26
74 63 28
74 63 38
74 63 47
74 63 52
74 63 67
74 63 72
74 64 16
74 64 25
74 64 37
74 64 45
74 64 50
74 64 59
74 64 64
74 64 66
74 64 71
74 64 84
74 65 23
74 65 35
74 65 42
74 65 44
74 65 49
74 65 57
74 65 62
74 65 69
74 65 83
74 65 89
74 65 91
74 66 22
74 66 34
74 66 40
74 66 47
74 66 54
74 66 56
74 66 61
74 66 66
74 66 68
74 66 79
74 66 81
74 66 88
74 66 111
74 67 18
74 67 20
74 67 30
74 67 32
74 67 39
74 67 44
74 67 46
74 67 52
74 67 59
74 67 64
74 67 78
74 67 86
74 67 109
74 67 114
74 67 121
74 68 29
74 68 37
74 68 42
74 68 51
74 68 56
74 68 58
74 68 63
74 68 76
74 68 85
74 68 99
74 68 106
74 68 113
74 68 126
74 69 15
74 69 27
74 69 36
74 69 41
74 69 49
74 69 54
74 69 61
74 69 75
74 69 81
74 69 83
74 69 98
74 69 104
74 69 111
74 69 116
74 69 125
74 70 26
74 70 32
74 70 34
74 70 39
74 70 46
74 70 48
74 70 53
74 70 58
74 70 60
74 70 73
74 70 80
74 70 94
74 70 96
74 70 103
74 70 108
74 70 110
74 70 115
74 70 123
74 70 128
74 71 22
74 71 24
74 71 31
74 71 38
74 71 44
74 71 51
74 71 56
74 71 70
74 71 72
74 71 78
74 71 93
74 71 101
74 71 106
74 71 113
74 71 120
74 71 122
74 71 127
74 71 135
74 72 21
74 72 29
74 72 34
74 72 36
74 72 43
74 72 48
74 72 50
74 72 55
74 72 68
74 72 77
74 72 91
74 72 100
74 72 105
74 72 110
74 72 112
74 72 118
74 72 125
74 72 132
74 72 134
74 72 139
74 73 19
74 73 28
74 73 33
74 73 41
74 73 46
74 73 53
74 73 67
74 73 75
74 73 90
74 73 96
74 73 98
74 73 103
74 73 108
74 73 117
74 73 122
74 73 124
74 73 130
74 73 137
74 74 18
74 74 24
74 74 26
74 74 31
74 74 40
74 74 45
74 74 52
74 74 65
74 74 72
74 74 74
74 74 86
74 74 88
74 74 95
74 74 102
74 74 107
74 74 115
74 74 120
74 74 129
74 74 134
74 74 136
74 75 14
74 75 16
74 75 23
74 75 30
74 75 38
74 75 43
74 75 62
74 75 64
74 75 85
74 75 93
74 75 98
74 75 100
74 75 105
74 75 112
74 75 114
74 75 119
74 75 127
74 75 132
74 75 139
74 75 146
74 76 21
74 76 42
74 76 83
74 76 92
74 76 97
74 76 104
74 76 110
74 76 117
74 76 124
74 76 126
74 76 131
74 76 136
74 76 138
74 77 82
74 77 88
74 77 90
74 77 95
74 77 100
74 77 102
74 77 109
74 77 114
74 77 116
74 77 122
74 77 129
74 78 16
74 78 87
74 78 94
74 78 99
74 78 107
74 78 112
74 78 121
74 78 126
74 78 128
74 78 133
74 78 141
74 79 106
74 79 111
74 79 119
74 79 124
74 79 131
74 80 104
74 80 118
74 80 123
74 80 128
74 80 130
74 80 136
74 81 94
74 81 101
74 81 114
74 81 121
74 81 126
74 82 133
74 83 132
75 61 34
75 62 32
75 62 44
75 62 51
75 63 22
75 63 36
75 63 41
75 63 43
75 63 49
75 63 75
75 64 27
75 64 29
75 64 34
75 64 39
75 64 48
75 64 61
75 65 26
75 65 33
75 65 38
75 65 46
75 65 60
75 65 65
75 65 67
75 65 72
75 65 80
75 65 85
75 65 94
75 65 115
75 66 24
75 66 29
75 66 31
75 66 36
75 66 43
75 66 45
75 66 58
75 66 63
75 66 70
75 66 77
75 66 84
75 66 90
75 66 92
75 66 105
75 67 23
75 67 28
75 67 35
75 67 41
75 67 55
75 67 57
75 67 62
75 67 67
75 67 69
75 67 75
75 67 80
75 67 82
75 67 89
75 67 98
75 67 103
75 67 112
75 68 19
75 68 21
75 68 26
75 68 31
75 68 33
75 68 40
75 68 53
75 68 60
75 68 65
75 68 74
75 68 79
75 68 87
75 68 97
75 68 102
75 68 110
75 68 122
75 69 18
75 69 25
75 69 30
75 69 38
75 69 52
75 69 57
75 69 59
75 69 64
75 69 72
75 69 77
75 69 86
75 69 93
75 69 95
75 69 100
75 69 107
75 69 109
75 69 119
75 69 121
75 69 127
75 70 16
75 70 21
75 70 23
75 70 28
75 70 37
75 70 50
75 70 55
75 70 62
75 70 69
75 70 71
75 70 76
75 70 82
75 70 84
75 70 92
75 70 99
75 70 105
75 70 117
75 70 126
75 70 131
75 71 15
75 71 20
75 71 27
75 71 33
75 71 35
75 71 47
75 71 49
75 71 54
75 71 59
75 71 61
75 71 67
75 71 74
75 71 81
75 71 90
75 71 95
75 71 97
75 71 104
75 71 116
75 71 124
75 71 129
75 72 18
75 72 23
75 72 25
75 72 32
75 72 45
75 72 52
75 72 57
75 72 66
75 72 71
75 72 73
75 72 79
75 72 89
75 72 94
75 72 102
75 72 114
75 72 121
75 72 123
75 72 128
75 73 17
75 73 22
75 73 30
75 73 44
75 73 49
75 73 51
75 73 64
75 73 69
75 73 78
75 73 85
75 73 87
75 73 92
75 73 101
75 73 111
75 73 113
75 73 119
75 73 126
75 74 20
75 74 29
75 74 42
75 74 47
75 74 54
75 74 61
75 74 63
75 74 68
75 74 76
75 74 84
75 74 91
75 74 97
75 74 99
75 74 109
75 74 118
75 74 123
75 74 125
75 74 138
75 75 19
75 75 25
75 75 27
75 75 41
75 75 53
75 75 59
75 75 66
75 75 73
75 75 75
75 75 82
75 75 87
75 75 89
75 75 96
75 75 108
75 75 116
75 75 121
75 75 135
75 75 137
75 75 142
75 76 15
75 76 17
75 76 37
75 76 39
75 76 58
75 76 81
75 76 86
75 76 94
75 76 106
75 76 113
75 76 115
75 76 120
75 76 133
75 76 140
75 77 79
75 77 84
75 77 93
75 77 105
75 77 111
75 77 118
75 77 132
75 77 137
75 77 139
75 77 145
75 78 21
75 78 41
75 78 91
75 78 101
75 78 103
75 78 110
75 78 115
75 78 117
75 78 130
75 78 135
75 79 33
75 79 51
75 79 88
75 79 100
75 79 108
75 79 113
75 79 127
75 79 129
75 79 134
75 79 142
75 80 86
75 80 125
75 80 132
75 80 139
75 80 141
75 80 146
75 81 97
75 81 110
75 81 124
75 81 131
75 81 137
75 82 122
75 82 136
75 82 141
75 83 119
75 83 121
75 83 126
75 83 139
75 84 133
75 85 136
75 86 148
75 87 145
75 87 147
76 61 30
76 62 26
76 62 28
76 62 40
76 62 47
76 62 55
76 63 25
76 63 38
76 64 23
76 64 37
76 64 42
76 64 44
76 64 50
76 64 57
76 64 64
76 65 35
76 65 49
76 65 54
76 65 56
76 65 62
76 65 96
76 65 104
76 66 20
76 66 34
76 66 39
76 66 47
76 66 52
76 66 61
76 66 66
76 66 68
76 66 79
76 66 81
76 66 86
76 66 102
76 67 30
76 67 32
76 67 37
76 67 44
76 67 46
76 67 51
76 67 59
76 67 64
76 67 78
76 67 85
76 67 93
76 67 106
76 67 121
76 68 29
76 68 36
76 68 42
76 68 49
76 68 56
76 68 58
76 68 63
76 68 76
76 68 81
76 68 83
76 68 90
76 68 104
76 68 113
76 69 27
76 69 32
76 69 34
76 69 41
76 69 46
76 69 48
76 69 54
76 69 61
76 69 75
76 69 80
76 69 88
76 69 98
76 69 103
76 69 111
76 69 116
76 69 123
76 69 132
76 69 137
76 70 26
76 70 31
76 70 39
76 70 44
76 70 53
76 70 58
76 70 60
76 70 73
76 70 78
76 70 87
76 70 94
76 70 96
76 70 101
76 70 108
76 70 110
76 70 115
76 70 120
76 70 122
76 70 135
76 71 22
76 71 24
76 71 29
76 71 38
76 71 43
76 71 51
76 71 56
76 71 70
76 71 72
76 71 77
76 71 83
76 71 85
76 71 93
76 71 100
76 71 106
76 71 113
76 71 118
76 71 127
76 71 132
76 72 21
76 72 28
76 72 34
76 72 36
76 72 41
76 72 48
76 72 50
76 72 55
76 72 68
76 72 75
76 72 82
76 72 91
76 72 96
76 72 98
76 72 105
76 72 110
76 72 112
76 72 117
76 72 125
76 72 130
76 73 19
76 73 24
76 73 26
76 73 33
76 73 40
76 73 46
76 73 53
76 73 67
76 73 72
76 73 74
76 73 80
76 73 90
76 73 95
76 73 103
76 73 108
76 73 115
76 73 122
76 73 124
76 73 129
76 73 137
76 74 18
76 74 23
76 74 31
76 74 36
76 74 38
76 74 45
76 74 50
76 74 52
76 74 65
76 74 70
76 74 79
76 74 86
76 74 88
76 74 93
76 74 102
76 74 107
76 74 112
76 74 114
76 74 120
76 74 127
76 74 134
76 74 136
76 74 141
76 74 146
76 75 14
76 75 16
76 75 21
76 75 30
76 75 35
76 75 43
76 75 48
76 75 62
76 75 64
76 75 77
76 75 85
76 75 92
76 75 98
76 75 100
76 75 105
76 75 110
76 75 119
76 75 124
76 75 126
76 75 132
76 75 139
76 75 144
76 76 13
76 76 20
76 76 26
76 76 28
76 76 33
76 76 60
76 76 74
76 76 76
76 76 83
76 76 88
76 76 90
76 76 97
76 76 104
76 76 109
76 76 117
76 76 122
76 76 131
76 76 136
76 76 138
76 76 143
76 77 16
76 77 18
76 77 25
76 77 32
76 77 40
76 77 72
76 77 82
76 77 87
76 77 95
76 77 100
76 77 102
76 77 107
76 77 114
76 77 116
76 77 121
76 77 129
76 77 134
76 77 141
76 78 30
76 78 80
76 78 85
76 78 94
76 78 99
76 78 106
76 78 112
76 78 119
76 78 126
76 78 128
76 78 133
76 78 138
76 78 140
76 79 22
76 79 40
76 79 54
76 79 56
76 79 90
76 79 92
76 79 97
76 79 102
76 79 104
76 79 111
76 79 116
76 79 118
76 79 124
76 79 131
76 79 136
76 80 34
76 80 82
76 80 96
76 80 101
76 80 109
76 80 114
76 80 123
76 80 128
76 80 130
76 80 135
76 81 99
76 81 108
76 81 113
76 81 121
76 81 126
76 81 133
76 82 15
76 82 91
76 82 106
76 82 111
76 82 120
76 82 130
76 82 132
76 83 103
76 83 123
76 83 128
77 60 29
77 61 41
77 62 24
77 62 31
77 62 37
77 63 27
77 63 29
77 63 36
77 63 41
77 63 43
77 64 26
77 64 34
77 64 39
77 64 46
77 64 60
77 64 73
77 65 33
77 65 38
77 65 43
77 65 45
77 65 58
77 65 65
77 65 77
77 65 92
77 66 23
77 66 29
77 66 31
77 66 36
77 66 41
77 66 55
77 66 57
77 66 63
77 66 70
77 66 89
77 66 105
77 67 21
77 67 28
77 67 35
77 67 40
77 67 53
77 67 62
77 67 67
77 67 69
77 67 74
77 67 80
77 67 129
77 68 18
77 68 26
77 68 31
77 68 33
77 68 38
77 68 52
77 68 60
77 68 65
77 68 72
77 68 79
77 68 86
77 68 107
77 68 122
77 69 16
77 69 25
77 69 30
77 69 37
77 69 50
77 69 57
77 69 59
77 69 64
77 69 69
77 69 71
77 69 77
77 69 82
77 69 84
77 69 100
77 69 105
77 69 119
77 69 121
77 69 126
77 70 21
77 70 23
77 70 28
77 70 33
77 70 35
77 70 47
77 70 49
77 70 55
77 70 62
77 70 67
77 70 76
77 70 81
77 70 99
77 70 104
77 70 117
77 70 131
77 70 133
77 71 20
77 71 27
77 71 32
77 71 45
77 71 54
77 71 59
77 71 61
77 71 66
77 71 74
77 71 79
77 71 95
77 71 97
77 71 102
77 71 116
77 71 121
77 71 123
77 71 129
77 72 18
77 72 23
77 72 25
77 72 30
77 72 44
77 72 52
77 72 57
77 72 64
77 72 71
77 72 73
77 72 78
77 72 94
77 72 101
77 72 114
77 72 119
77 72 128
77 73 17
77 73 22
77 73 29
77 73 42
77 73 49
77 73 56
77 73 61
77 73 63
77 73 69
77 73 76
77 73 92
77 73 97
77 73 99
77 73 111
77 73 113
77 73 118
77 73 126
77 74 15
77 74 20
77 74 25
77 74 27
77 74 41
77 74 54
77 74 59
77 74 68
77 74 73
77 74 75
77 74 91
77 74 96
77 74 109
77 74 116
77 74 123
77 74 125
77 74 138
77 74 143
77 75 19
77 75 24
77 75 39
77 75 46
77 75 51
77 75 53
77 75 58
77 75 66
77 75 71
77 75 87
77 75 89
77 75 94
77 75 108
77 75 113
77 75 115
77 75 121
77 75 135
77 75 137
77 75 142
77 76 15
77 76 17
77 76 22
77 76 44
77 76 49
77 76 56
77 76 65
77 76 86
77 76 93
77 76 106
77 76 111
77 76 120
77 76 133
77 76 140
77 77 14
77 77 21
77 77 43
77 77 53
77 77 55
77 77 61
77 77 68
77 77 84
77 77 89
77 77 91
77 77 105
77 77 110
77 77 118
77 77 132
77 77 137
77 77 139
77 77 144
77 78 17
77 78 19
77 78 33
77 78 51
77 78 83
77 78 88
77 78 101
77 78 103
77 78 108
77 78 115
77 78 117
77 78 130
77 78 135
77 78 142
77 79 45
77 79 81
77 79 86
77 79 100
77 79 107
77 79 113
77 79 127
77 79 129
77 79 134
77 79 139
77 79 141
77 80 36
77 80 41
77 80 55
77 80 85
77 80 98
77 80 103
77 80 105
77 80 112
77 80 125
77 80 132
77 80 137
77 80 146
77 81 35
77 81 97
77 81 102
77 81 110
77 81 124
77 81 129
77 81 131
77 81 136
77 82 82
77 82 93
77 82 95
77 82 109
77 82 122
77 82 127
77 82 134
77 82 141
77 82 143
77 83 119
77 83 121
77 83 126
77 83 133
77 83 139
77 83 146
77 84 104
77 84 124
77 84 129
77 84 138
77 85 150
78 62 40
78 63 25
78 64 23
78 64 42
78 65 35
78 65 40
78 65 61
78 65 69
78 65 81
78 66 34
78 66 39
78 66 44
78 66 46
78 66 59
78 66 66
78 66 93
78 66 100
78 66 130
78 67 30
78 67 32
78 67 37
78 67 42
78 67 51
78 67 56
78 67 58
78 67 64
78 67 90
78 68 29
78 68 36
78 68 41
78 68 49
78 68 54
78 68 63
78 68 75
78 68 81
78 68 88
78 68 97
78 68 111
78 68 125
78 69 27
78 69 32
78 69 34
78 69 39
78 69 46
78 69 48
78 69 53
78 69 61
78 69 73
78 69 80
78 69 87
78 69 93
78 69 108
78 69 110
78 69 116
78 70 26
78 70 31
78 70 38
78 70 44
78 70 51
78 70 58
78 70 60
78 70 70
78 70 72
78 70 78
78 70 83
78 70 85
78 70 92
78 70 101
78 70 106
78 70 115
78 70 122
78 70 127
78 71 22
78 71 24
78 71 29
78 71 34
78 71 36
78 71 43
78 71 48
78 71 50
78 71 56
78 71 68
78 71 77
78 71 82
78 71 90
78 71 100
78 71 105
78 71 118
78 71 125
78 72 21
78 72 28
78 72 33
78 72 41
78 72 46
78 72 55
78 72 67
78 72 75
78 72 80
78 72 89
78 72 96
78 72 98
78 72 103
78 72 110
78 72 112
78 72 117
78 72 122
78 72 130
78 72 137
78 73 19
78 73 24
78 73 26
78 73 31
78 73 40
78 73 45
78 73 53
78 73 65
78 73 72
78 73 74
78 73 79
78 73 85
78 73 87
78 73 95
78 73 102
78 73 108
78 73 115
78 73 120
78 73 129
78 73 134
78 73 136
78 73 148
78 74 18
78 74 23
78 74 36
78 74 38
78 74 43
78 74 50
78 74 52
78 74 62
78 74 64
78 74 70
78 74 77
78 74 84
78 74 93
78 74 98
78 74 100
78 74 107
78 74 112
78 74 114
78 74 119
78 74 127
78 74 132
78 74 141
78 74 146
78 75 14
78 75 16
78 75 21
78 75 26
78 75 28
78 75 35
78 75 48
78 75 60
78 75 69
78 75 74
78 75 76
78 75 82
78 75 92
78 75 97
78 75 105
78 75 110
78 75 117
78 75 124
78 75 126
78 75 131
78 75 139
78 75 144
78 76 13
78 76 20
78 76 25
78 76 33
78 76 38
78 76 40
78 76 47
78 76 59
78 76 67
78 76 72
78 76 81
78 76 88
78 76 90
78 76 95
78 76 104
78 76 109
78 76 114
78 76 116
78 76 122
78 76 129
78 76 136
78 76 138
78 76 143
78 77 16
78 77 18
78 77 32
78 77 37
78 77 45
78 77 57
78 77 64
78 77 71
78 77 79
78 77 87
78 77 94
78 77 100
78 77 102
78 77 107
78 77 112
78 77 121
78 77 126
78 77 128
78 77 134
78 77 141
78 78 15
78 78 22
78 78 28
78 78 30
78 78 44
78 78 56
78 78 78
78 78 85
78 78 90
78 78 92
78 78 99
78 78 106
78 78 111
78 78 119
78 78 124
78 78 133
78 78 138
78 78 140
78 79 20
78 79 27
78 79 34
78 79 42
78 79 84
78 79 97
78 79 102
78 79 104
78 79 109
78 79 116
78 79 118
78 79 123
78 79 131
78 79 136
78 79 150
78 80 25
78 80 32
78 80 82
78 80 96
78 80 101
78 80 108
78 80 114
78 80 121
78 80 128
78 80 130
78 80 135
78 81 24
78 81 81
78 81 86
78 81 92
78 81 94
78 81 99
78 81 104
78 81 106
78 81 113
78 81 118
78 81 120
78 81 126
78 81 133
78 81 147
78 82 84
78 82 91
78 82 98
78 82 111
78 82 116
78 82 125
78 82 130
78 82 132
78 83 83
78 83 94
78 83 101
78 83 110
78 83 115
78 83 123
78 83 128
78 83 142
78 84 127
78 84 147
78 85 112
78 85 125
78 85 144
78 85 146
78 86 108
78 86 110
78 86 137
78 87 134
78 87 141
79 63 27
79 63 29
79 63 41
79 64 46
79 65 29
79 65 43
79 65 45
79 65 90
79 66 23
79 66 28
79 66 36
79 66 41
79 66 102
79 67 26
79 67 35
79 67 53
79 67 67
79 67 69
79 67 87
79 68 18
79 68 25
79 68 31
79 68 33
79 68 38
79 68 52
79 68 59
79 68 122
79 69 21
79 69 23
79 69 30
79 69 37
79 69 50
79 69 55
79 69 64
79 69 69
79 69 71
79 69 76
79 69 82
79 69 84
79 69 105
79 69 126
79 70 20
79 70 28
79 70 33
79 70 35
79 70 47
79 70 49
79 70 54
79 70 62
79 70 67
79 70 74
79 70 81
79 70 94
79 70 104
79 71 13
79 71 27
79 71 32
79 71 45
79 71 52
79 71 59
79 71 61
79 71 66
79 71 71
79 71 73
79 71 79
79 71 93
79 71 102
79 71 116
79 71 121
79 71 123
79 71 128
79 72 17
79 72 23
79 72 25
79 72 30
79 72 44
79 72 49
79 72 51
79 72 57
79 72 64
79 72 69
79 72 78
79 72 91
79 72 101
79 72 114
79 72 119
79 72 126
79 73 15
79 73 22
79 73 42
79 73 47
79 73 56
79 73 61
79 73 63
79 73 68
79 73 76
79 73 90
79 73 97
79 73 99
79 73 111
79 73 113
79 73 118
79 73 123
79 73 125
79 73 138
79 73 145
79 74 20
79 74 25
79 74 27
79 74 41
79 74 54
79 74 59
79 74 66
79 74 73
79 74 75
79 74 86
79 74 88
79 74 96
79 74 109
79 74 116
79 74 121
79 74 135
79 74 137
79 75 19
79 75 24
79 75 37
79 75 39
79 75 44
79 75 51
79 75 53
79 75 58
79 75 65
79 75 71
79 75 85
79 75 94
79 75 108
79 75 113
79 75 115
79 75 120
79 75 133
79 75 142
79 75 147
79 76 15
79 76 17
79 76 22
79 76 43
79 76 56
79 76 61
79 76 70
79 76 83
79 76 93
79 76 106
79 76 111
79 76 118
79 76 132
79 76 140
79 76 145
79 77 14
79 77 21
79 77 34
79 77 39
79 77 41
79 77 48
79 77 53
79 77 55
79 77 60
79 77 68
79 77 82
79 77 89
79 77 91
79 77 105
79 77 110
79 77 115
79 77 117
79 77 130
79 77 137
79 77 139
79 77 144
79 78 17
79 78 19
79 78 33
79 78 46
79 78 58
79 78 80
79 78 88
79 78 101
79 78 103
79 78 108
79 78 113
79 78 127
79 78 129
79 78 135
79 78 142
79 79 16
79 79 29
79 79 31
79 79 79
79 79 86
79 79 100
79 79 107
79 79 112
79 79 125
79 79 134
79 79 139
79 79 141
79 79 146
79 80 41
79 80 43
79 80 48
79 80 85
79 80 98
79 80 103
79 80 105
79 80 110
79 80 124
79 80 132
79 80 137
79 80 144
79 81 52
79 81 83
79 81 97
79 81 102
79 81 109
79 81 122
79 81 129
79 81 131
79 81 136
79 81 141
79 81 143
79 82 11
79 82 25
79 82 45
79 82 82
79 82 95
79 82 100
79 82 105
79 82 107
79 82 119
79 82 121
79 82 127
79 82 134
79 82 139
79 82 148
79 83 104
79 83 117
79 83 126
79 83 131
79 83 133
79 83 138
79 84 124
79 84 129
79 84 136
79 85 114
79 85 123
79 85 128
79 85 133
79 85 148
79 86 126
79 86 147
79 88 137
79 91 130
80 65 40
80 66 30
80 66 39
80 66 44
80 66 46
80 67 29
80 67 42
80 67 56
80 68 27
80 68 36
80 68 41
80 68 46
80 68 48
80 68 54
80 68 95
80 68 125
80 69 26
80 69 32
80 69 34
80 69 39
80 69 44
80 69 53
80 69 58
80 69 60
80 69 87
80 69 92
80 69 110
80 69 123
80 70 22
80 70 24
80 70 31
80 70 38
80 70 43
80 70 70
80 70 72
80 70 77
80 70 90
80 70 113
80 70 120
80 70 122
80 71 21
80 71 29
80 71 34
80 71 36
80 71 41
80 71 48
80 71 50
80 71 55
80 71 68
80 71 75
80 71 89
80 71 95
80 71 97
80 71 105
80 71 110
80 71 112
80 72 19
80 72 28
80 72 40
80 72 46
80 72 53
80 72 67
80 72 72
80 72 74
80 72 80
80 72 85
80 72 87
80 72 94
80 72 103
80 72 108
80 72 117
80 72 124
80 73 18
80 73 24
80 73 26
80 73 31
80 73 36
80 73 38
80 73 45
80 73 50
80 73 52
80 73 65
80 73 70
80 73 79
80 73 84
80 73 92
80 73 107
80 73 115
80 73 127
80 74 14
80 74 16
80 74 23
80 74 35
80 74 43
80 74 48
80 74 62
80 74 64
80 74 69
80 74 77
80 74 82
80 74 91
80 74 98
80 74 100
80 74 105
80 74 112
80 74 114
80 74 119
80 74 124
80 74 126
80 74 132
80 75 21
80 75 26
80 75 28
80 75 33
80 75 42
80 75 67
80 75 74
80 75 76
80 75 81
80 75 87
80 75 89
80 75 97
80 75 104
80 75 110
80 75 117
80 75 122
80 75 131
80 75 136
80 75 144
80 76 11
80 76 20
80 76 25
80 76 32
80 76 40
80 76 45
80 76 59
80 76 64
80 76 66
80 76 72
80 76 79
80 76 86
80 76 95
80 76 100
80 76 102
80 76 109
80 76 114
80 76 116
80 76 121
80 76 129
80 76 134
80 76 143
80 77 10
80 77 16
80 77 18
80 77 23
80 77 30
80 77 44
80 77 62
80 77 71
80 77 76
80 77 78
80 77 84
80 77 94
80 77 99
80 77 107
80 77 112
80 77 119
80 77 126
80 77 128
80 77 133
80 77 141
80 78 15
80 78 22
80 78 27
80 78 35
80 78 40
80 78 42
80 78 54
80 78 56
80 78 61
80 78 69
80 78 74
80 78 83
80 78 90
80 78 92
80 78 97
80 78 106
80 78 111
80 78 116
80 78 118
80 78 124
80 78 131
80 78 138
80 78 140
80 78 150
80 79 18
80 79 20
80 79 25
80 79 34
80 79 39
80 79 81
80 79 89
80 79 96
80 79 102
80 79 104
80 79 109
80 79 114
80 79 123
80 79 128
80 79 130
80 79 136
80 79 148
80 80 32
80 80 37
80 80 51
80 80 78
80 80 80
80 80 87
80 80 92
80 80 94
80 80 101
80 80 108
80 80 113
80 80 121
80 80 126
80 80 135
80 80 147
80 81 15
80 81 22
80 81 29
80 81 36
80 81 99
80 81 104
80 81 106
80 81 111
80 81 118
80 81 120
80 81 125
80 81 133
80 81 145
80 81 152
80 82 84
80 82 89
80 82 98
80 82 103
80 82 110
80 82 116
80 82 123
80 82 130
80 82 132
80 82 142
80 82 144
80 83 12
80 83 26
80 83 46
80 83 94
80 83 96
80 83 101
80 83 106
80 83 108
80 83 115
80 83 122
80 83 128
80 83 140
80 83 149
80 83 154
80 84 24
80 84 29
80 84 93
80 84 113
80 84 118
80 84 127
80 84 139
80 85 85
80 85 112
80 85 125
80 85 137
80 85 144
80 85 146
80 86 110
80 86 124
80 86 136
80 86 142
80 86 149
80 87 141
80 87 148
80 88 16
80 88 139
80 89 143
80 92 131
81 65 29
81 65 36
81 66 28
81 68 30
81 68 38
81 68 127
81 69 15
81 69 21
81 69 23
81 69 28
81 69 47
81 69 62
81 69 126
81 70 27
81 70 33
81 70 35
81 70 59
81 70 67
81 70 93
81 71 18
81 71 23
81 71 32
81 71 44
81 71 66
81 71 73
81 71 78
81 71 91
81 71 100
81 71 121
81 72 22
81 72 30
81 72 42
81 72 49
81 72 51
81 72 56
81 72 64
81 72 69
81 72 76
81 72 90
81 72 98
81 72 111
81 72 113
81 73 13
81 73 15
81 73 20
81 73 29
81 73 41
81 73 54
81 73 61
81 73 68
81 73 73
81 73 75
81 73 86
81 73 88
81 73 95
81 73 109
81 73 125
81 73 143
81 74 19
81 74 25
81 74 27
81 74 37
81 74 39
81 74 46
81 74 51
81 74 59
81 74 66
81 74 85
81 74 93
81 74 108
81 74 116
81 75 15
81 75 17
81 75 24
81 75 36
81 75 49
81 75 58
81 75 63
81 75 65
81 75 83
81 75 92
81 75 106
81 75 113
81 75 115
81 75 120
81 75 140
81 75 147
81 76 14
81 76 22
81 76 34
81 76 56
81 76 61
81 76 82
81 76 88
81 76 90
81 76 105
81 76 111
81 76 118
81 76 132
81 76 137
81 76 139
81 77 12
81 77 21
81 77 39
81 77 41
81 77 55
81 77 60
81 77 67
81 77 80
81 77 87
81 77 101
81 77 103
81 77 110
81 77 115
81 77 117
81 77 130
81 77 135
81 78 17
81 78 19
81 78 31
81 78 45
81 78 58
81 78 79
81 78 85
81 78 100
81 78 108
81 78 113
81 78 127
81 78 129
81 78 134
81 78 142
81 78 147
81 79 16
81 79 28
81 79 41
81 79 43
81 79 50
81 79 55
81 79 57
81 79 62
81 79 75
81 79 84
81 79 98
81 79 107
81 79 112
81 79 125
81 79 132
81 79 139
81 79 141
81 79 146
81 79 151
81 80 14
81 80 26
81 80 35
81 80 48
81 80 82
81 80 97
81 80 103
81 80 105
81 80 110
81 80 124
81 80 129
81 80 131
81 80 137
81 80 144
81 81 31
81 81 47
81 81 59
81 81 79
81 81 81
81 81 82
81 81 93
81 81 95
81 81 102
81 81 109
81 81 122
81 81 127
81 81 136
81 81 141
81 81 143
81 81 148
81 82 37
81 82 43
81 82 45
81 82 55
81 82 82
81 82 92
81 82 100
81 82 105
81 82 107
81 82 119
81 82 121
81 82 126
81 82 134
81 82 139
81 82 146
81 83 28
81 83 35
81 83 42
81 83 99
81 83 104
81 83 117
81 83 124
81 83 131
81 83 133
81 83 138
81 83 143
81 83 145
81 84 27
81 84 32
81 84 45
81 84 97
81 84 116
81 84 121
81 84 123
81 84 129
81 84 136
81 84 141
81 84 150
81 85 114
81 85 128
81 85 133
81 85 135
81 85 140
81 86 113
81 86 126
81 86 131
81 87 13
81 87 123
81 87 125
81 87 130
81 87 137
81 87 143
81 89 140
81 90 139
81 91 151
81 98 62
82 65 34
82 66 64
82 67 29
82 68 27
82 68 32
82 68 34
82 68 46
82 68 61
82 69 39
82 69 51
82 69 122
82 70 22
82 70 24
82 70 29
82 70 43
82 71 21
82 71 34
82 71 36
82 71 46
82 71 55
82 71 80
82 71 89
82 71 94
82 71 117
82 72 19
82 72 24
82 72 26
82 72 33
82 72 45
82 72 72
82 72 79
82 72 85
82 72 92
82 72 101
82 72 108
82 72 115
82 72 124
82 72 136
82 73 18
82 73 23
82 73 31
82 73 38
82 73 43
82 73 50
82 73 52
82 73 65
82 73 84
82 73 97
82 73 99
82 73 107
82 73 112
82 73 114
82 73 132
82 73 141
82 74 14
82 74 16
82 74 21
82 74 30
82 74 35
82 74 42
82 74 48
82 74 64
82 74 69
82 74 74
82 74 76
82 74 82
82 74 87
82 74 89
82 74 96
82 74 105
82 74 110
82 74 124
82 74 131
82 74 144
82 75 13
82 75 20
82 75 26
82 75 33
82 75 38
82 75 40
82 75 60
82 75 67
82 75 72
82 75 81
82 75 86
82 75 94
82 75 104
82 75 109
82 75 122
82 75 129
82 76 16
82 76 18
82 76 25
82 76 32
82 76 37
82 76 59
82 76 64
82 76 71
82 76 79
82 76 84
82 76 93
82 76 100
82 76 102
82 76 107
82 76 114
82 76 116
82 76 121
82 76 126
82 76 128
82 76 141
82 77 15
82 77 23
82 77 28
82 77 30
82 77 35
82 77 44
82 77 57
82 77 62
82 77 69
82 77 78
82 77 83
82 77 89
82 77 91
82 77 99
82 77 106
82 77 112
82 77 119
82 77 124
82 77 133
82 77 140
82 78 22
82 78 27
82 78 34
82 78 40
82 78 42
82 78 54
82 78 56
82 78 61
82 78 66
82 78 74
82 78 81
82 78 88
82 78 97
82 78 102
82 78 104
82 78 111
82 78 116
82 78 118
82 78 123
82 78 131
82 78 136
82 79 18
82 79 20
82 79 25
82 79 30
82 79 52
82 79 59
82 79 64
82 79 86
82 79 96
82 79 101
82 79 109
82 79 114
82 79 121
82 79 128
82 79 130
82 79 135
82 79 148
82 80 17
82 80 24
82 80 29
82 80 58
82 80 63
82 80 85
82 80 92
82 80 94
82 80 99
82 80 108
82 80 113
82 80 118
82 80 120
82 80 126
82 80 133
82 81 20
82 81 22
82 81 27
82 81 36
82 81 49
82 81 54
82 81 83
82 81 91
82 81 98
82 81 104
82 81 106
82 81 111
82 81 116
82 81 125
82 81 130
82 81 132
82 81 145
82 82 26
82 82 48
82 82 53
82 82 58
82 82 60
82 82 81
82 82 82
82 82 89
82 82 94
82 82 96
82 82 103
82 82 110
82 82 115
82 82 123
82 82 128
82 82 142
82 82 144
82 82 149
82 83 22
82 83 24
82 83 31
82 83 44
82 83 84
82 83 88
82 83 93
82 83 101
82 83 106
82 83 108
82 83 113
82 83 127
82 83 140
82 83 147
82 84 21
82 84 50
82 84 86
82 84 91
82 84 100
82 84 105
82 84 112
82 84 125
82 84 139
82 84 144
82 84 146
82 85 28
82 85 46
82 85 85
82 85 98
82 85 103
82 85 108
82 85 110
82 85 117
82 85 124
82 85 137
82 85 142
82 85 151
82 86 26
82 86 95
82 86 107
82 86 115
82 86 134
82 86 136
82 86 141
82 86 154
82 87 105
82 87 114
82 87 132
82 87 146
82 87 148
82 88 112
82 88 117
82 88 131
82 88 144
82 88 151
82 89 100
82 89 143
82 89 150
82 90 141
83 68 103
83 69 33
83 69 35
83 69 108
83 70 27
83 70 32
83 70 93
83 70 116
83 71 30
83 71 44
83 71 49
83 71 57
83 71 64
83 71 71
83 72 29
83 72 42
83 72 47
83 72 61
83 72 76
83 72 95
83 73 20
83 73 25
83 73 27
83 73 41
83 73 73
83 73 75
83 73 86
83 73 93
83 74 19
83 74 24
83 74 37
83 74 39
83 74 44
83 74 51
83 74 71
83 74 92
83 74 98
83 74 100
83 74 108
83 74 113
83 74 115
83 74 133
83 75 15
83 75 17
83 75 22
83 75 36
83 75 43
83 75 49
83 75 70
83 75 83
83 75 88
83 75 90
83 75 97
83 75 106
83 75 111
83 75 120
83 75 132
83 76 14
83 76 21
83 76 34
83 76 41
83 76 48
83 76 53
83 76 55
83 76 61
83 76 82
83 76 87
83 76 95
83 76 105
83 76 110
83 76 130
83 77 17
83 77 19
83 77 33
83 77 38
83 77 46
83 77 51
83 77 60
83 77 65
83 77 67
83 77 80
83 77 85
83 77 94
83 77 101
83 77 103
83 77 108
83 77 115
83 77 117
83 77 129
83 77 135
83 78 16
83 78 29
83 78 31
83 78 36
83 78 45
83 78 50
83 78 58
83 78 63
83 78 77
83 78 79
83 78 84
83 78 90
83 78 92
83 78 100
83 78 107
83 78 113
83 78 125
83 78 141
83 79 14
83 79 28
83 79 35
83 79 43
83 79 48
83 79 55
83 79 57
83 79 62
83 79 75
83 79 82
83 79 89
83 79 98
83 79 103
83 79 105
83 79 112
83 79 124
83 79 132
83 79 137
83 80 13
83 80 26
83 80 31
83 80 33
83 80 40
83 80 53
83 80 60
83 80 81
83 80 87
83 80 97
83 80 102
83 80 110
83 80 122
83 80 129
83 80 131
83 80 136
83 80 144
83 80 149
83 81 11
83 81 25
83 81 30
83 81 43
83 81 52
83 81 59
83 81 77
83 81 86
83 81 93
83 81 95
83 81 100
83 81 109
83 81 119
83 81 121
83 81 127
83 81 134
83 81 141
83 81 143
83 81 148
83 81 153
83 82 23
83 82 28
83 82 37
83 82 50
83 82 55
83 82 71
83 82 84
83 82 92
83 82 99
83 82 105
83 82 107
83 82 117
83 82 126
83 82 131
83 82 133
83 82 139
83 82 146
83 83 20
83 83 33
83 83 35
83 83 40
83 83 49
83 83 54
83 83 67
83 83 83
83 83 95
83 83 97
83 83 104
83 83 116
83 83 124
83 83 129
83 83 138
83 83 143
83 83 145
83 83 150
83 84 18
83 84 25
83 84 47
83 84 102
83 84 114
83 84 123
83 84 128
83 84 136
83 84 141
83 84 148
83 85 30
83 85 37
83 85 44
83 85 64
83 85 87
83 85 101
83 85 113
83 85 126
83 85 133
83 85 135
83 85 140
83 85 145
83 85 147
83 86 29
83 86 34
83 86 63
83 86 99
83 86 111
83 86 131
83 86 138
83 86 143
83 87 19
83 87 130
83 87 135
83 87 137
83 87 142
83 88 106
83 88 133
83 89 118
83 89 125
83 89 127
83 89 132
83 90 130
83 92 146
83 96 28
84 64 40
84 69 31
84 69 56
84 70 21
84 70 34
84 70 36
84 71 19
84 71 41
84 72 24
84 72 26
84 72 31
84 72 65
84 72 99
84 73 16
84 73 23
84 73 30
84 73 36
84 73 48
84 73 77
84 73 82
84 73 91
84 74 21
84 74 26
84 74 35
84 74 42
84 74 47
84 74 60
84 74 87
84 74 94
84 74 117
84 74 131
84 74 136
84 75 20
84 75 25
84 75 33
84 75 38
84 75 40
84 75 45
84 75 72
84 75 79
84 75 93
84 75 109
84 75 116
84 76 16
84 76 18
84 76 23
84 76 32
84 76 37
84 76 44
84 76 57
84 76 66
84 76 78
84 76 84
84 76 89
84 76 91
84 76 107
84 76 112
84 76 121
84 76 126
84 76 128
84 77 15
84 77 22
84 77 28
84 77 30
84 77 35
84 77 40
84 77 42
84 77 54
84 77 56
84 77 62
84 77 69
84 77 74
84 77 83
84 77 88
84 77 106
84 77 111
84 77 124
84 77 138
84 78 13
84 78 18
84 78 20
84 78 27
84 78 34
84 78 39
84 78 52
84 78 61
84 78 66
84 78 68
84 78 81
84 78 86
84 78 102
84 78 104
84 78 109
84 78 116
84 78 118
84 78 128
84 79 12
84 79 17
84 79 25
84 79 30
84 79 32
84 79 37
84 79 51
84 79 59
84 79 64
84 79 78
84 79 80
84 79 85
84 79 101
84 79 108
84 79 114
84 79 126
84 80 24
84 80 29
84 80 36
84 80 49
84 80 56
84 80 58
84 80 63
84 80 68
84 80 70
84 80 76
84 80 99
84 80 104
84 80 106
84 80 113
84 80 118
84 80 120
84 80 125
84 80 133
84 80 147
84 81 14
84 81 20
84 81 22
84 81 27
84 81 32
84 81 34
84 81 48
84 81 54
84 81 61
84 81 66
84 81 75
84 81 98
84 81 103
84 81 111
84 81 116
84 81 123
84 81 130
84 81 132
84 81 145
84 82 19
84 82 31
84 82 44
84 82 46
84 82 53
84 82 58
84 82 60
84 82 65
84 82 73
84 82 94
84 82 96
84 82 101
84 82 110
84 82 115
84 82 120
84 82 122
84 82 128
84 82 142
84 82 144
84 82 149
84 82 154
84 83 17
84 83 22
84 83 24
84 83 29
84 83 43
84 83 51
84 83 56
84 83 63
84 83 70
84 83 72
84 83 93
84 83 100
84 83 106
84 83 108
84 83 113
84 83 118
84 83 127
84 83 140
84 83 152
84 84 16
84 84 21
84 84 41
84 84 50
84 84 60
84 84 84
84 84 91
84 84 96
84 84 98
84 84 105
84 84 112
84 84 117
84 84 125
84 84 139
84 84 144
84 84 146
84 84 151
84 85 14
84 85 19
84 85 26
84 85 40
84 85 48
84 85 53
84 85 85
84 85 95
84 85 103
84 85 108
84 85 110
84 85 115
84 85 124
84 85 137
84 85 142
84 85 149
84 86 18
84 86 102
84 86 107
84 86 114
84 86 134
84 86 136
84 86 141
84 86 146
84 86 154
84 87 21
84 87 43
84 87 50
84 87 100
84 87 112
84 87 119
84 87 132
84 87 139
84 87 144
84 87 153
84 87 158
84 88 117
84 88 131
84 88 138
84 88 143
84 89 134
84 89 150
84 89 155
84 90 37
84 90 114
84 90 133
84 90 146
84 90 153
84 91 13
84 91 152
84 92 143
84 92 148
84 94 145
84 109 57
85 69 35
85 69 106
85 71 30
85 71 110
85 72 29
85 72 42
85 72 118
85 73 25
85 73 27
85 73 51
85 73 107
85 74 17
85 74 24
85 74 37
85 74 39
85 74 44
85 74 71
85 74 83
85 74 97
85 75 22
85 75 36
85 75 43
85 75 48
85 75 61
85 75 88
85 75 104
85 75 118
85 75 132
85 76 21
85 76 34
85 76 39
85 76 41
85 76 46
85 76 53
85 76 55
85 76 60
85 76 94
85 76 102
85 76 110
85 76 135
85 76 144
85 77 17
85 77 19
85 77 33
85 77 38
85 77 45
85 77 51
85 77 65
85 77 77
85 77 79
85 77 85
85 77 90
85 77 92
85 77 99
85 77 108
85 77 113
85 77 127
85 77 129
85 78 16
85 78 29
85 78 31
85 78 36
85 78 41
85 78 43
85 78 50
85 78 55
85 78 57
85 78 63
85 78 75
85 78 84
85 78 89
85 78 97
85 78 107
85 78 112
85 78 125
85 78 139
85 78 141
85 79 14
85 79 28
85 79 35
85 79 40
85 79 48
85 79 53
85 79 62
85 79 74
85 79 82
85 79 87
85 79 96
85 79 103
85 79 105
85 79 110
85 79 129
85 80 13
85 80 26
85 80 31
85 80 33
85 80 38
85 80 47
85 80 52
85 80 60
85 80 72
85 80 79
85 80 86
85 80 92
85 80 94
85 80 102
85 80 109
85 80 122
85 80 127
85 80 136
85 80 141
85 80 143
85 80 149
85 81 25
85 81 30
85 81 37
85 81 43
85 81 45
85 81 50
85 81 57
85 81 59
85 81 69
85 81 71
85 81 77
85 81 84
85 81 91
85 81 100
85 81 105
85 81 107
85 81 119
85 81 121
85 81 134
85 81 139
85 82 21
85 82 23
85 82 28
85 82 33
85 82 35
85 82 42
85 82 49
85 82 55
85 82 67
85 82 76
85 82 81
85 82 83
85 82 89
85 82 99
85 82 104
85 82 117
85 82 131
85 82 138
85 82 146
85 83 20
85 83 27
85 83 32
85 83 40
85 83 45
85 83 47
85 83 54
85 83 66
85 83 74
85 83 88
85 83 95
85 83 97
85 83 102
85 83 116
85 83 121
85 83 129
85 83 136
85 83 143
85 83 145
85 83 150
85 84 18
85 84 23
85 84 25
85 84 30
85 84 39
85 84 44
85 84 52
85 84 64
85 84 73
85 84 78
85 84 94
85 84 101
85 84 114
85 84 119
85 84 133
85 84 135
85 84 141
85 84 148
85 85 17
85 85 22
85 85 29
85 85 35
85 85 37
85 85 42
85 85 51
85 85 61
85 85 63
85 85 69
85 85 83
85 85 84
85 85 85
85 85 92
85 85 97
85 85 99
85 85 113
85 85 118
85 85 131
85 85 140
85 85 145
85 85 147
85 86 15
85 86 20
85 86 25
85 86 27
85 86 41
85 86 47
85 86 49
85 86 68
85 86 73
85 86 86
85 86 96
85 86 109
85 86 111
85 86 116
85 86 123
85 86 130
85 86 143
85 86 157
85 87 19
85 87 39
85 87 89
85 87 94
85 87 108
85 87 115
85 87 128
85 87 135
85 87 137
85 87 142
85 87 155
85 88 17
85 88 22
85 88 44
85 88 106
85 88 111
85 88 113
85 88 125
85 88 127
85 88 133
85 88 154
85 89 55
85 89 105
85 89 118
85 89 123
85 89 132
85 89 139
85 89 152
85 90 130
85 90 135
85 90 149
85 91 113
85 91 120
85 91 127
85 91 129
85 91 134
85 91 147
85 91 154
85 92 98
85 93 97
85 106 28
85 108 31
86 67 34
86 70 41
86 71 19
86 71 24
86 73 43
86 73 109
86 74 26
86 74 33
86 74 42
86 74 47
86 75 16
86 75 25
86 75 32
86 75 38
86 75 40
86 75 45
86 75 72
86 75 106
86 76 15
86 76 23
86 76 28
86 76 30
86 76 37
86 76 44
86 76 57
86 76 62
86 76 71
86 76 76
86 76 89
86 76 119
86 77 22
86 77 27
86 77 35
86 77 40
86 77 42
86 77 54
86 77 56
86 77 61
86 77 69
86 77 74
86 77 103
86 77 111
86 77 116
86 78 18
86 78 20
86 78 25
86 78 34
86 78 39
86 78 52
86 78 59
86 78 66
86 78 68
86 78 73
86 78 78
86 78 86
86 78 100
86 78 109
86 78 123
86 78 128
86 78 130
86 79 17
86 79 24
86 79 30
86 79 32
86 79 37
86 79 51
86 79 56
86 79 58
86 79 64
86 79 71
86 79 76
86 79 98
86 79 108
86 79 126
86 79 133
86 79 147
86 80 15
86 80 20
86 80 22
86 80 29
86 80 36
86 80 49
86 80 54
86 80 63
86 80 68
86 80 70
86 80 75
86 80 83
86 80 97
86 80 104
86 80 106
86 80 111
86 80 118
86 80 125
86 80 130
86 81 14
86 81 19
86 81 27
86 81 32
86 81 34
86 81 48
86 81 53
86 81 61
86 81 66
86 81 73
86 81 93
86 81 95
86 81 103
86 81 110
86 81 116
86 81 123
86 81 128
86 82 12
86 82 17
86 82 26
86 82 31
86 82 44
86 82 46
86 82 51
86 82 58
86 82 60
86 82 65
86 82 70
86 82 72
86 82 78
86 82 92
86 82 101
86 82 106
86 82 108
86 82 115
86 82 122
86 82 127
86 82 140
86 82 149
86 83 16
86 83 22
86 83 24
86 83 29
86 83 43
86 83 50
86 83 56
86 83 63
86 83 68
86 83 77
86 83 90
86 83 100
86 83 105
86 83 113
86 83 118
86 83 125
86 83 147
86 84 14
86 84 21
86 84 28
86 84 41
86 84 46
86 84 48
86 84 55
86 84 60
86 84 62
86 84 67
86 84 75
86 84 89
86 84 96
86 84 98
86 84 103
86 84 112
86 84 117
86 84 122
86 84 137
86 84 144
86 84 151
86 85 12
86 85 19
86 85 24
86 85 26
86 85 40
86 85 45
86 85 53
86 85 58
86 85 65
86 85 72
86 85 74
86 85 84
86 85 95
86 85 102
86 85 108
86 85 110
86 85 115
86 85 120
86 85 134
86 85 142
86 85 149
86 85 154
86 86 18
86 86 23
86 86 38
86 86 52
86 86 57
86 86 62
86 86 84
86 86 93
86 86 98
86 86 100
86 86 107
86 86 114
86 86 119
86 86 132
86 86 141
86 86 146
86 86 148
86 87 21
86 87 35
86 87 42
86 87 50
86 87 55
86 87 82
86 87 92
86 87 105
86 87 112
86 87 117
86 87 131
86 87 139
86 87 158
86 88 40
86 88 47
86 88 59
86 88 104
86 88 109
86 88 116
86 88 136
86 88 138
86 88 148
86 88 150
86 88 156
86 89 52
86 89 89
86 89 114
86 89 126
86 89 134
86 89 146
86 89 155
86 90 106
86 90 111
86 90 124
86 90 153
86 91 74
86 91 131
86 91 150
86 91 152
86 92 130
86 92 155
86 93 120
86 95 144
86 96 147
86 99 75
86 100 16
87 73 37
87 73 105
87 74 15
87 74 36
87 75 21
87 75 34
87 75 48
87 75 53
87 75 61
87 76 12
87 76 17
87 76 19
87 76 33
87 76 39
87 76 41
87 76 46
87 76 51
87 76 60
87 76 67
87 76 94
87 76 107
87 77 16
87 77 29
87 77 31
87 77 38
87 77 45
87 77 50
87 77 58
87 77 63
87 77 77
87 77 92
87 78 14
87 78 28
87 78 36
87 78 41
87 78 43
87 78 48
87 78 55
87 78 62
87 78 75
87 78 96
87 78 102
87 78 146
87 79 13
87 79 26
87 79 35
87 79 40
87 79 47
87 79 53
87 79 60
87 79 74
87 79 79
87 79 92
87 79 101
87 79 110
87 79 129
87 79 136
87 79 144
87 80 11
87 80 25
87 80 31
87 80 33
87 80 38
87 80 43
87 80 45
87 80 52
87 80 57
87 80 59
87 80 72
87 80 77
87 80 86
87 80 91
87 80 99
87 80 109
87 81 21
87 81 23
87 81 30
87 81 37
87 81 42
87 81 50
87 81 55
87 81 69
87 81 71
87 81 76
87 81 89
87 81 98
87 81 105
87 81 107
87 81 119
87 81 121
87 81 126
87 81 146
87 81 153
87 82 20
87 82 28
87 82 33
87 82 35
87 82 40
87 82 49
87 82 54
87 82 67
87 82 74
87 82 81
87 82 94
87 82 96
87 82 104
87 82 117
87 82 124
87 82 138
87 82 143
87 82 145
87 83 18
87 83 27
87 83 32
87 83 39
87 83 45
87 83 47
87 83 52
87 83 66
87 83 71
87 83 73
87 83 79
87 83 93
87 83 102
87 83 116
87 83 121
87 83 128
87 83 136
87 83 141
87 83 150
87 84 17
87 84 23
87 84 25
87 84 30
87 84 35
87 84 37
87 84 44
87 84 51
87 84 64
87 84 69
87 84 78
87 84 83
87 84 85
87 84 91
87 84 101
87 84 114
87 84 119
87 84 126
87 84 133
87 84 148
87 84 159
87 85 15
87 85 22
87 85 29
87 85 34
87 85 42
87 85 47
87 85 49
87 85 61
87 85 63
87 85 68
87 85 76
87 85 81
87 85 97
87 85 99
87 85 113
87 85 118
87 85 125
87 85 138
87 85 147
87 86 13
87 86 20
87 86 25
87 86 27
87 86 32
87 86 41
87 86 46
87 86 59
87 86 66
87 86 73
87 86 96
87 86 109
87 86 111
87 86 116
87 86 121
87 86 130
87 86 135
87 86 137
87 86 143
87 86 155
87 87 19
87 87 24
87 87 31
87 87 37
87 87 39
87 87 44
87 87 58
87 87 71
87 87 78
87 87 87
87 87 88
87 87 89
87 87 94
87 87 108
87 87 115
87 87 120
87 87 133
87 87 142
87 87 154
87 88 17
87 88 43
87 88 56
87 88 61
87 88 75
87 88 83
87 88 106
87 88 113
87 88 118
87 88 125
87 88 140
87 88 152
87 89 34
87 89 55
87 89 105
87 89 110
87 89 117
87 89 123
87 89 130
87 89 139
87 89 149
87 89 151
87 89 157
87 90 33
87 90 51
87 90 90
87 90 113
87 90 115
87 90 122
87 90 135
87 90 147
87 91 120
87 91 125
87 91 154
87 92 153
87 93 115
87 93 117
87 94 121
87 94 148
87 95 146
87 95 151
87 96 145
87 99 20
87 112 60
88 73 108
88 74 25
88 75 16
88 75 32
88 76 15
88 76 22
88 76 28
88 76 30
88 76 44
88 76 54
88 76 56
88 76 62
88 76 103
88 77 13
88 77 18
88 77 20
88 77 27
88 77 34
88 77 40
88 77 42
88 77 52
88 77 61
88 77 66
88 77 68
88 77 74
88 77 86
88 77 100
88 78 17
88 78 25
88 78 30
88 78 32
88 78 39
88 78 51
88 78 59
88 78 64
88 78 73
88 78 78
88 78 85
88 78 98
88 78 107
88 79 15
88 79 24
88 79 29
88 79 37
88 79 49
88 79 56
88 79 58
88 79 63
88 79 71
88 79 76
88 79 97
88 79 103
88 79 113
88 79 126
88 79 147
88 80 14
88 80 20
88 80 22
88 80 27
88 80 36
88 80 48
88 80 54
88 80 61
88 80 68
88 80 70
88 80 75
88 80 80
88 80 82
88 80 93
88 80 95
88 80 102
88 80 111
88 80 125
88 80 132
88 81 12
88 81 19
88 81 26
88 81 32
88 81 34
88 81 44
88 81 46
88 81 53
88 81 58
88 81 60
88 81 66
88 81 73
88 81 78
88 81 92
88 81 100
88 81 110
88 81 142
88 82 17
88 82 22
88 82 24
88 82 31
88 82 43
88 82 51
88 82 56
88 82 65
88 82 70
88 82 72
88 82 77
88 82 90
88 82 99
88 82 106
88 82 108
88 82 113
88 82 120
88 82 127
88 82 140
88 83 16
88 83 21
88 83 29
88 83 41
88 83 50
88 83 55
88 83 63
88 83 68
88 83 75
88 83 95
88 83 97
88 83 105
88 83 112
88 83 118
88 83 125
88 83 139
88 84 14
88 84 19
88 84 28
88 84 40
88 84 46
88 84 48
88 84 53
88 84 60
88 84 62
88 84 67
88 84 72
88 84 74
88 84 87
88 84 94
88 84 103
88 84 108
88 84 110
88 84 117
88 84 142
88 85 12
88 85 18
88 85 24
88 85 26
88 85 36
88 85 38
88 85 45
88 85 52
88 85 58
88 85 65
88 85 70
88 85 84
88 85 92
88 85 102
88 85 107
88 85 115
88 85 134
88 85 136
88 85 141
88 85 160
88 86 9
88 86 16
88 86 23
88 86 35
88 86 43
88 86 48
88 86 50
88 86 57
88 86 62
88 86 64
88 86 69
88 86 82
88 86 85
88 86 98
88 86 100
88 86 105
88 86 114
88 86 119
88 86 132
88 86 139
88 86 146
88 86 148
88 87 14
88 87 21
88 87 42
88 87 47
88 87 55
88 87 60
88 87 67
88 87 81
88 87 87
88 87 97
88 87 104
88 87 110
88 87 112
88 87 117
88 87 136
88 87 144
88 88 20
88 88 32
88 88 40
88 88 45
88 88 54
88 88 59
88 88 64
88 88 79
88 88 88
88 88 100
88 88 102
88 88 109
88 88 116
88 88 134
88 88 143
88 88 148
88 89 10
88 89 18
88 89 44
88 89 50
88 89 52
88 89 57
88 89 76
88 89 89
88 89 94
88 89 107
88 89 112
88 89 114
88 89 141
88 89 146
88 90 15
88 90 35
88 90 49
88 90 61
88 90 83
88 90 106
88 90 111
88 90 140
88 90 150
88 91 34
88 91 104
88 91 123
88 91 136
88 91 143
88 91 148
88 92 37
88 92 121
88 92 147
88 93 70
88 94 132
88 94 150
89 75 21
89 75 34
89 75 39
89 75 53
89 76 17
89 76 19
89 76 33
89 76 38
89 76 46
89 76 99
89 76 112
89 77 16
89 77 29
89 77 31
89 77 36
89 77 45
89 77 50
89 77 55
89 77 57
89 77 63
89 78 14
89 78 28
89 78 35
89 78 41
89 78 43
89 78 48
89 78 53
89 78 75
89 78 82
89 79 13
89 79 26
89 79 31
89 79 33
89 79 40
89 79 47
89 79 52
89 79 60
89 79 74
89 79 81
89 79 92
89 79 99
89 80 25
89 80 30
89 80 38
89 80 43
89 80 45
89 80 50
89 80 57
89 80 59
89 80 72
89 80 77
89 80 91
89 80 98
89 80 104
89 80 121
89 80 139
89 81 21
89 81 23
89 81 28
89 81 37
89 81 42
89 81 49
89 81 55
89 81 69
89 81 71
89 81 76
89 81 81
89 81 83
89 81 94
89 81 103
89 81 117
89 81 151
89 82 20
89 82 27
89 82 33
89 82 35
89 82 40
89 82 45
89 82 47
89 82 54
89 82 67
89 82 74
89 82 79
89 82 93
89 82 101
89 83 18
89 83 23
89 83 25
89 83 32
89 83 39
89 83 44
89 83 52
89 83 66
89 83 71
89 83 73
89 83 78
89 83 91
89 83 100
89 83 114
89 83 121
89 83 128
89 83 133
89 83 148
89 84 17
89 84 22
89 84 30
89 84 35
89 84 37
89 84 42
89 84 51
89 84 64
89 84 69
89 84 76
89 84 83
89 84 85
89 84 90
89 84 96
89 84 98
89 84 113
89 84 119
89 84 126
89 84 145
89 85 15
89 85 20
89 85 29
89 85 34
89 85 41
89 85 47
89 85 49
89 85 61
89 85 63
89 85 68
89 85 73
89 85 75
89 85 81
89 85 109
89 85 111
89 85 118
89 85 143
89 86 12
89 86 13
89 86 19
89 86 25
89 86 27
89 86 32
89 86 37
89 86 39
89 86 46
89 86 59
89 86 66
89 86 71
89 86 80
89 86 85
89 86 87
89 86 108
89 86 116
89 86 121
89 86 128
89 86 135
89 86 137
89 86 142
89 87 17
89 87 24
89 87 31
89 87 36
89 87 44
89 87 58
89 87 63
89 87 65
89 87 70
89 87 78
89 87 106
89 87 115
89 87 120
89 87 125
89 87 133
89 87 140
89 87 154
89 88 14
89 88 15
89 88 22
89 88 29
89 88 34
89 88 43
89 88 56
89 88 61
89 88 68
89 88 75
89 88 77
89 88 82
89 88 90
89 88 105
89 88 111
89 88 113
89 88 118
89 88 123
89 88 139
89 89 41
89 89 55
89 89 60
89 89 73
89 89 80
89 89 89
89 89 90
89 89 101
89 89 110
89 89 117
89 89 122
89 89 135
89 89 149
89 90 24
89 90 51
89 90 72
89 90 77
89 90 79
89 90 90
89 90 91
89 90 100
89 90 108
89 90 113
89 90 115
89 90 120
89 91 36
89 91 62
89 91 75
89 91 84
89 91 107
89 91 112
89 91 153
89 92 69
89 92 82
89 92 105
89 92 110
89 92 115
89 93 25
89 93 122
89 93 141
89 93 148
89 94 155
89 97 133
89 99 150
89 101 43
89 105 28
90 74 64
90 75 37
90 76 27
90 76 40
90 76 54
90 76 103
90 77 18
90 77 20
90 77 25
90 77 34
90 77 66
90 78 17
90 78 24
90 78 30
90 78 37
90 78 51
90 78 56
90 78 58
90 78 64
90 78 71
90 78 80
90 78 105
90 78 121
90 79 15
90 79 20
90 79 22
90 79 29
90 79 36
90 79 49
90 79 54
90 79 63
90 79 68
90 79 70
90 79 76
90 79 83
90 79 97
90 80 14
90 80 19
90 80 27
90 80 32
90 80 34
90 80 48
90 80 53
90 80 61
90 80 66
90 80 75
90 80 80
90 81 17
90 81 26
90 81 31
90 81 44
90 81 46
90 81 51
90 81 58
90 81 60
90 81 65
90 81 73
90 81 78
90 81 99
90 81 107
90 81 120
90 81 122
90 81 140
90 82 16
90 82 22
90 82 24
90 82 29
90 82 43
90 82 50
90 82 56
90 82 63
90 82 70
90 82 72
90 82 77
90 82 95
90 82 97
90 82 152
90 83 14
90 83 21
90 83 28
90 83 41
90 83 46
90 83 48
90 83 55
90 83 60
90 83 62
90 83 68
90 83 75
90 83 89
90 83 102
90 83 112
90 83 117
90 84 11
90 84 12
90 84 19
90 84 24
90 84 26
90 84 40
90 84 45
90 84 53
90 84 58
90 84 67
90 84 72
90 84 74
90 84 87
90 84 92
90 84 101
90 84 108
90 84 110
90 84 136
90 84 142
90 85 18
90 85 23
90 85 36
90 85 38
90 85 43
90 85 52
90 85 57
90 85 65
90 85 70
90 85 84
90 85 86
90 85 91
90 85 97
90 85 99
90 85 107
90 85 114
90 85 146
90 86 16
90 86 21
90 86 35
90 86 42
90 86 48
90 86 50
90 86 55
90 86 62
90 86 64
90 86 69
90 86 82
90 86 96
90 86 105
90 86 110
90 86 112
90 86 139
90 86 153
90 87 13
90 87 14
90 87 20
90 87 33
90 87 38
90 87 40
90 87 47
90 87 54
90 87 60
90 87 67
90 87 81
90 87 86
90 87 88
90 87 94
90 87 104
90 87 109
90 87 117
90 88 11
90 88 18
90 88 32
90 88 37
90 88 45
90 88 50
90 88 52
90 88 59
90 88 64
90 88 66
90 88 79
90 88 84
90 88 100
90 88 102
90 88 107
90 88 116
90 88 126
90 88 128
90 88 141
90 88 160
90 89 15
90 89 16
90 89 28
90 89 30
90 89 44
90 89 49
90 89 57
90 89 62
90 89 76
90 89 78
90 89 83
90 89 99
90 89 106
90 89 112
90 89 114
90 89 138
90 89 146
90 90 40
90 90 42
90 90 47
90 90 56
90 90 61
90 90 81
90 90 89
90 90 90
90 90 91
90 90 97
90 90 104
90 90 111
90 90 136
90 90 150
90 90 157
90 91 46
90 91 52
90 91 59
90 91 73
90 91 78
90 91 91
90 91 92
90 91 109
90 91 121
90 91 143
90 91 148
90 92 37
90 92 44
90 92 92
90 92 94
90 92 108
90 92 133
90 93 116
90 93 132
90 93 150
90 94 96
90 94 103
90 94 115
90 94 137
90 94 149
90 95 122
90 95 147
90 96 134
90 98 65
91 75 21
91 75 33
91 75 41
91 75 53
91 76 31
91 76 38
91 76 63
91 77 28
91 77 41
91 77 55
91 77 57
91 78 14
91 78 26
91 78 40
91 78 48
91 78 60
91 78 94
91 79 13
91 79 25
91 79 31
91 79 33
91 79 38
91 79 47
91 79 52
91 79 57
91 79 59
91 80 21
91 80 23
91 80 30
91 80 37
91 80 43
91 80 45
91 80 50
91 80 55
91 80 69
91 80 71
91 80 103
91 81 20
91 81 28
91 81 33
91 81 35
91 81 42
91 81 49
91 81 54
91 81 67
91 81 81
91 81 83
91 81 96
91 82 18
91 82 27
91 82 32
91 82 40
91 82 45
91 82 47
91 82 52
91 82 66
91 82 74
91 82 79
91 82 129
91 83 17
91 83 23
91 83 25
91 83 30
91 83 39
91 83 44
91 83 51
91 83 64
91 83 71
91 83 73
91 83 78
91 83 83
91 83 85
91 83 96
91 83 98
91 84 15
91 84 22
91 84 29
91 84 35
91 84 37
91 84 42
91 84 47
91 84 49
91 84 61
91 84 63
91 84 69
91 84 76
91 84 81
91 84 103
91 84 113
91 84 126
91 85 12
91 85 13
91 85 20
91 85 25
91 85 27
91 85 34
91 85 41
91 85 46
91 85 59
91 85 68
91 85 73
91 85 75
91 85 80
91 85 88
91 85 93
91 85 102
91 85 109
91 85 116
91 85 143
91 86 19
91 86 24
91 86 32
91 86 37
91 86 39
91 86 44
91 86 58
91 86 66
91 86 71
91 86 78
91 86 85
91 86 87
91 86 98
91 86 100
91 86 108
91 86 115
91 86 133
91 87 17
91 87 22
91 87 31
91 87 36
91 87 43
91 87 56
91 87 63
91 87 65
91 87 70
91 87 75
91 87 77
91 87 83
91 87 90
91 87 97
91 87 106
91 87 111
91 87 120
91 87 140
91 88 14
91 88 15
91 88 21
91 88 27
91 88 29
91 88 34
91 88 39
91 88 41
91 88 55
91 88 61
91 88 68
91 88 73
91 88 82
91 88 87
91 88 89
91 88 95
91 88 105
91 88 110
91 88 118
91 88 123
91 88 137
91 89 19
91 89 26
91 89 33
91 89 38
91 89 51
91 89 53
91 89 60
91 89 65
91 89 67
91 89 72
91 89 80
91 89 85
91 89 94
91 89 103
91 89 117
91 89 122
91 89 151
91 89 161
91 90 16
91 90 29
91 90 31
91 90 50
91 90 58
91 90 70
91 90 77
91 90 79
91 90 84
91 90 90
91 90 92
91 90 107
91 90 113
91 90 115
91 90 120
91 90 125
91 90 147
91 90 159
91 91 23
91 91 48
91 91 57
91 91 62
91 91 69
91 91 89
91 91 90
91 91 91
91 91 98
91 91 103
91 91 105
91 91 112
91 91 119
91 91 151
91 92 47
91 92 53
91 92 55
91 92 65
91 92 74
91 92 81
91 92 92
91 92 102
91 92 110
91 92 115
91 92 122
91 92 144
91 93 45
91 93 52
91 93 109
91 93 114
91 93 148
91 93 155
91 94 84
91 94 107
91 94 119
91 95 97
91 95 104
91 95 116
91 96 109
91 97 11
91 97 147
91 97 153
91 99 75
91 107 25
92 76 54
92 77 18
92 77 30
92 77 32
92 77 64
92 78 29
92 78 58
92 79 20
92 79 22
92 79 27
92 79 54
92 79 61
92 79 68
92 79 75
92 80 14
92 80 19
92 80 26
92 80 32
92 80 34
92 80 48
92 80 53
92 80 58
92 80 60
92 80 66
92 80 73
92 80 92
92 81 17
92 81 22
92 81 24
92 81 31
92 81 44
92 81 46
92 81 51
92 81 56
92 81 65
92 81 70
92 81 72
92 82 16
92 82 21
92 82 29
92 82 43
92 82 50
92 82 55
92 82 63
92 82 68
92 82 77
92 82 89
92 83 14
92 83 19
92 83 28
92 83 41
92 83 46
92 83 48
92 83 53
92 83 60
92 83 62
92 83 67
92 83 75
92 83 87
92 83 94
92 83 151
92 84 12
92 84 18
92 84 24
92 84 26
92 84 40
92 84 45
92 84 52
92 84 58
92 84 65
92 84 72
92 84 74
92 84 84
92 84 86
92 84 97
92 84 99
92 84 120
92 85 16
92 85 23
92 85 36
92 85 38
92 85 43
92 85 48
92 85 50
92 85 57
92 85 62
92 85 64
92 85 70
92 85 82
92 85 91
92 85 148
92 86 13
92 86 14
92 86 21
92 86 35
92 86 42
92 86 47
92 86 55
92 86 60
92 86 69
92 86 81
92 86 89
92 86 94
92 86 110
92 86 112
92 86 131
92 87 11
92 87 20
92 87 33
92 87 38
92 87 40
92 87 45
92 87 54
92 87 59
92 87 67
92 87 79
92 87 86
92 87 88
92 87 93
92 87 116
92 87 129
92 88 18
92 88 32
92 88 37
92 88 44
92 88 50
92 88 52
92 88 57
92 88 64
92 88 66
92 88 76
92 88 78
92 88 84
92 88 91
92 88 107
92 88 112
92 88 114
92 88 141
92 88 160
92 89 15
92 89 16
92 89 28
92 89 30
92 89 35
92 89 40
92 89 42
92 89 49
92 89 56
92 89 62
92 89 74
92 89 83
92 89 88
92 89 90
92 89 106
92 89 111
92 89 140
92 90 13
92 90 27
92 90 34
92 90 39
92 90 47
92 90 52
92 90 54
92 90 61
92 90 73
92 90 81
92 90 86
92 90 109
92 90 123
92 91 25
92 91 32
92 91 37
92 91 51
92 91 59
92 91 71
92 91 78
92 91 80
92 91 85
92 91 91
92 91 108
92 91 121
92 91 126
92 91 135
92 91 140
92 91 148
92 91 155
92 92 24
92 92 36
92 92 44
92 92 58
92 92 68
92 92 70
92 92 76
92 92 89
92 92 91
92 92 92
92 92 93
92 92 104
92 92 120
92 92 147
92 92 152
92 92 154
92 93 32
92 93 48
92 93 54
92 93 75
92 93 91
92 93 94
92 93 116
92 93 118
92 94 39
92 94 73
92 94 96
92 94 115
92 94 135
92 95 38
92 95 43
92 95 72
92 95 134
92 95 147
92 96 16
92 96 159
92 98 12
92 98 18
92 100 13
92 105 32
92 109 43
93 77 28
93 77 48
93 78 33
93 78 47
93 78 60
93 79 25
93 79 30
93 79 38
93 79 43
93 79 57
93 79 59
93 80 21
93 80 23
93 80 42
93 80 55
93 80 69
93 80 71
93 80 96
93 81 20
93 81 27
93 81 33
93 81 40
93 81 49
93 81 54
93 81 67
93 81 83
93 81 93
93 82 18
93 82 23
93 82 25
93 82 32
93 82 39
93 82 45
93 82 47
93 82 52
93 82 66
93 82 71
93 82 73
93 82 79
93 83 17
93 83 22
93 83 30
93 83 35
93 83 37
93 83 44
93 83 51
93 83 64
93 83 69
93 83 78
93 83 83
93 83 85
93 84 15
93 84 20
93 84 29
93 84 34
93 84 42
93 84 47
93 84 49
93 84 61
93 84 63
93 84 68
93 84 76
93 84 81
93 84 88
93 84 102
93 84 143
93 85 12
93 85 13
93 85 19
93 85 25
93 85 27
93 85 32
93 85 41
93 85 46
93 85 59
93 85 66
93 85 73
93 85 75
93 85 80
93 85 85
93 85 87
93 85 100
93 85 107
93 86 17
93 86 24
93 86 31
93 86 37
93 86 39
93 86 44
93 86 58
93 86 63
93 86 65
93 86 71
93 86 78
93 86 83
93 86 92
93 86 97
93 86 105
93 86 120
93 87 14
93 87 15
93 87 22
93 87 27
93 87 29
93 87 36
93 87 43
93 87 56
93 87 61
93 87 70
93 87 75
93 87 77
93 87 82
93 87 90
93 87 95
93 87 104
93 87 118
93 88 12
93 88 21
93 88 26
93 88 34
93 88 39
93 88 41
93 88 55
93 88 60
93 88 68
93 88 73
93 88 80
93 88 87
93 88 89
93 88 94
93 88 102
93 88 110
93 88 135
93 89 19
93 89 24
93 89 33
93 89 38
93 89 51
93 89 53
93 89 58
93 89 65
93 89 67
93 89 72
93 89 77
93 89 79
93 89 85
93 89 92
93 89 99
93 89 113
93 89 115
93 89 122
93 89 127
93 89 147
93 90 16
93 90 17
93 90 23
93 90 29
93 90 31
93 90 36
93 90 50
93 90 57
93 90 63
93 90 70
93 90 75
93 90 84
93 90 89
93 90 91
93 90 107
93 90 112
93 90 120
93 91 14
93 91 21
93 91 28
93 91 35
93 91 48
93 91 53
93 91 55
93 91 62
93 91 67
93 91 69
93 91 74
93 91 82
93 91 87
93 91 96
93 91 105
93 91 110
93 91 144
93 92 26
93 92 33
93 92 47
93 92 52
93 92 60
93 92 65
93 92 72
93 92 79
93 92 81
93 92 86
93 92 92
93 92 93
93 92 109
93 92 115
93 92 117
93 92 122
93 92 141
93 92 143
93 93 43
93 93 45
93 93 59
93 93 77
93 93 91
93 93 92
93 93 93
93 93 94
93 93 107
93 93 114
93 93 121
93 94 42
93 94 67
93 94 76
93 94 81
93 94 83
93 94 92
93 94 93
93 94 94
93 94 95
93 94 112
93 94 117
93 95 13
93 95 47
93 95 74
93 95 95
93 95 116
93 95 143
93 96 11
93 96 119
93 97 106
93 99 115
93 104 36
94 74 37
94 76 34
94 77 25
94 79 20
94 79 27
94 79 48
94 79 54
94 79 61
94 79 75
94 80 19
94 80 26
94 80 44
94 80 46
94 80 53
94 80 58
94 80 60
94 81 17
94 81 22
94 81 24
94 81 29
94 81 43
94 81 56
94 81 63
94 81 70
94 81 72
94 82 16
94 82 21
94 82 28
94 82 41
94 82 55
94 82 60
94 82 75
94 83 19
94 83 24
94 83 26
94 83 40
94 83 48
94 83 53
94 83 58
94 83 67
94 83 74
94 83 87
94 84 12
94 84 18
94 84 23
94 84 36
94 84 38
94 84 45
94 84 52
94 84 57
94 84 65
94 84 70
94 84 84
94 84 86
94 84 91
94 85 16
94 85 21
94 85 35
94 85 43
94 85 48
94 85 50
94 85 55
94 85 62
94 85 64
94 85 69
94 85 82
94 85 89
94 86 13
94 86 14
94 86 20
94 86 33
94 86 42
94 86 47
94 86 54
94 86 60
94 86 67
94 86 81
94 86 86
94 86 88
94 86 94
94 87 11
94 87 18
94 87 32
94 87 38
94 87 40
94 87 45
94 87 50
94 87 52
94 87 59
94 87 64
94 87 66
94 87 79
94 87 84
94 87 93
94 87 129
94 87 150
94 88 15
94 88 16
94 88 28
94 88 30
94 88 37
94 88 44
94 88 49
94 88 57
94 88 62
94 88 76
94 88 78
94 88 83
94 88 91
94 88 105
94 88 133
94 89 13
94 89 27
94 89 35
94 89 40
94 89 42
94 89 47
94 89 56
94 89 61
94 89 74
94 89 81
94 89 88
94 89 90
94 89 103
94 89 111
94 90 12
94 90 25
94 90 34
94 90 39
94 90 46
94 90 52
94 90 54
94 90 59
94 90 73
94 90 78
94 90 80
94 90 86
94 91 24
94 91 30
94 91 32
94 91 37
94 91 42
94 91 44
94 91 51
94 91 58
94 91 71
94 91 76
94 91 85
94 91 121
94 92 22
94 92 36
94 92 41
94 92 49
94 92 54
94 92 56
94 92 68
94 92 70
94 92 75
94 92 83
94 92 106
94 92 120
94 92 164
94 93 19
94 93 20
94 93 32
94 93 34
94 93 48
94 93 53
94 93 66
94 93 73
94 93 80
94 93 82
94 93 93
94 93 116
94 93 118
94 93 123
94 93 142
94 94 38
94 94 46
94 94 78
94 94 94
94 94 95
94 94 101
94 94 122
94 94 135
94 95 63
94 95 68
94 95 90
94 95 95
94 95 113
94 95 118
94 95 120
94 96 14
94 96 28
94 96 67
94 96 75
94 96 144
94 96 156
94 97 115
94 97 154
94 98 84
94 98 114
94 98 119
94 99 117
94 101 32
94 102 153
95 78 26
95 80 21
95 80 23
95 80 28
95 81 20
95 81 27
95 81 32
95 81 40
95 81 45
95 81 54
95 81 66
95 81 74
95 82 18
95 82 30
95 82 39
95 82 64
95 82 71
95 82 78
95 82 112
95 83 17
95 83 22
95 83 35
95 83 42
95 83 51
95 83 61
95 83 63
95 83 69
95 83 76
95 83 85
95 83 90
95 84 15
95 84 20
95 84 25
95 84 27
95 84 34
95 84 41
95 84 47
95 84 59
95 84 68
95 84 73
95 84 75
95 84 88
95 85 13
95 85 19
95 85 24
95 85 32
95 85 37
95 85 39
95 85 46
95 85 58
95 85 66
95 85 71
95 85 80
95 85 85
95 85 87
95 85 92
95 85 105
95 86 17
95 86 22
95 86 31
95 86 36
95 86 44
95 86 56
95 86 63
95 86 65
95 86 70
95 86 78
95 86 83
95 86 90
95 87 14
95 87 15
95 87 21
95 87 27
95 87 29
95 87 34
95 87 43
95 87 55
95 87 61
95 87 68
95 87 75
95 87 77
95 87 82
95 87 87
95 87 89
95 87 118
95 88 12
95 88 19
95 88 26
95 88 33
95 88 39
95 88 41
95 88 51
95 88 53
95 88 60
95 88 65
95 88 67
95 88 73
95 88 80
95 88 85
95 88 94
95 88 117
95 89 16
95 89 17
95 89 24
95 89 29
95 89 31
95 89 38
95 89 50
95 89 58
95 89 63
95 89 72
95 89 77
95 89 79
95 89 84
95 89 92
95 89 97
95 89 120
95 89 147
95 90 14
95 90 23
95 90 28
95 90 36
95 90 48
95 90 57
95 90 62
95 90 70
95 90 75
95 90 82
95 90 89
95 90 91
95 90 104
95 90 119
95 91 13
95 91 21
95 91 26
95 91 35
95 91 47
95 91 53
95 91 55
95 91 60
95 91 67
95 91 69
95 91 74
95 91 79
95 91 81
95 91 87
95 91 94
95 91 117
95 92 11
95 92 19
95 92 25
95 92 31
95 92 33
95 92 43
95 92 45
95 92 52
95 92 59
95 92 65
95 92 72
95 92 77
95 92 86
95 92 143
95 93 9
95 93 16
95 93 23
95 93 30
95 93 50
95 93 55
95 93 57
95 93 64
95 93 69
95 93 71
95 93 76
95 93 84
95 93 89
95 93 107
95 93 112
95 94 6
95 94 21
95 94 40
95 94 49
95 94 62
95 94 67
95 94 74
95 94 81
95 94 83
95 94 88
95 94 95
95 94 117
95 95 39
95 95 47
95 95 61
95 95 66
95 95 71
95 95 73
95 95 79
95 95 95
95 95 155
95 96 11
95 96 51
95 96 59
95 96 83
95 96 106
95 96 114
95 96 140
95 97 15
95 97 42
95 97 68
95 97 76
95 97 113
95 97 145
95 98 32
95 98 75
95 98 111
95 98 155
95 99 39
95 99 53
95 99 115
95 99 154
95 101 15
96 76 34
96 77 32
96 78 49
96 80 44
96 80 72
96 81 22
96 81 50
96 82 14
96 82 28
96 82 55
96 82 75
96 83 24
96 83 45
96 83 53
96 83 58
96 84 18
96 84 23
96 84 36
96 84 38
96 84 43
96 84 62
96 84 64
96 84 84
96 85 16
96 85 21
96 85 42
96 85 48
96 85 50
96 85 55
96 85 60
96 85 69
96 85 82
96 86 14
96 86 20
96 86 33
96 86 38
96 86 40
96 86 47
96 86 59
96 86 81
96 86 86
96 86 88
96 86 93
96 87 18
96 87 32
96 87 37
96 87 45
96 87 50
96 87 52
96 87 64
96 87 66
96 87 79
96 87 84
96 87 91
96 88 15
96 88 16
96 88 28
96 88 30
96 88 35
96 88 44
96 88 49
96 88 56
96 88 62
96 88 76
96 88 78
96 88 83
96 88 88
96 88 90
96 89 13
96 89 27
96 89 34
96 89 40
96 89 42
96 89 47
96 89 52
96 89 54
96 89 61
96 89 74
96 89 81
96 89 86
96 89 108
96 89 123
96 90 12
96 90 25
96 90 30
96 90 32
96 90 39
96 90 46
96 90 51
96 90 59
96 90 73
96 90 78
96 90 80
96 90 85
96 90 140
96 91 24
96 91 29
96 91 37
96 91 42
96 91 44
96 91 49
96 91 58
96 91 71
96 91 76
96 91 83
96 92 22
96 92 36
96 92 41
96 92 48
96 92 54
96 92 56
96 92 68
96 92 70
96 92 75
96 92 80
96 92 82
96 92 116
96 93 19
96 93 20
96 93 26
96 93 32
96 93 34
96 93 39
96 93 44
96 93 46
96 93 53
96 93 66
96 93 73
96 93 78
96 93 115
96 93 123
96 93 144
96 94 17
96 94 24
96 94 31
96 94 38
96 94 43
96 94 51
96 94 65
96 94 70
96 94 72
96 94 77
96 94 93
96 94 94
96 94 99
96 94 113
96 95 16
96 95 29
96 95 34
96 95 36
96 95 50
96 95 63
96 95 68
96 95 75
96 95 89
96 95 96
96 95 112
96 95 118
96 95 120
96 95 144
96 96 28
96 96 40
96 96 62
96 96 67
96 96 72
96 96 74
96 96 96
96 96 98
96 96 108
96 96 110
96 96 137
96 97 31
96 97 36
96 97 38
96 97 58
96 97 60
96 97 65
96 97 95
96 97 97
96 97 115
96 98 30
96 99 42
96 99 104
96 99 110
96 99 131
96 100 11
96 100 32
96 100 40
96 101 30
96 102 15
96 102 28
96 114 114
96 126 128
97 77 35
97 79 50
97 80 20
97 81 18
97 81 32
97 81 39
97 81 71
97 82 17
97 82 64
97 83 15
97 83 29
97 83 42
97 83 47
97 84 13
97 84 20
97 84 25
97 84 32
97 84 41
97 84 66
97 84 73
97 84 80
97 85 19
97 85 24
97 85 31
97 85 39
97 85 63
97 85 71
97 86 17
97 86 22
97 86 27
97 86 29
97 86 56
97 86 61
97 86 70
97 86 75
97 86 77
97 86 83
97 86 95
97 87 14
97 87 15
97 87 21
97 87 26
97 87 34
97 87 39
97 87 41
97 87 55
97 87 60
97 87 68
97 87 73
97 87 82
97 87 89
97 87 94
97 87 102
97 88 12
97 88 19
97 88 24
97 88 33
97 88 38
97 88 51
97 88 53
97 88 65
97 88 67
97 88 72
97 88 80
97 88 85
97 88 92
97 89 16
97 89 17
97 89 23
97 89 29
97 89 31
97 89 36
97 89 50
97 89 57
97 89 63
97 89 70
97 89 77
97 89 79
97 89 84
97 89 89
97 89 91
97 90 14
97 90 21
97 90 28
97 90 35
97 90 48
97 90 53
97 90 55
97 90 62
97 90 67
97 90 69
97 90 75
97 90 82
97 90 87
97 91 13
97 91 18
97 91 19
97 91 26
97 91 31
97 91 33
97 91 47
97 91 52
97 91 60
97 91 65
97 91 74
97 91 79
97 91 81
97 91 86
97 91 94
97 92 11
97 92 16
97 92 25
97 92 30
97 92 43
97 92 45
97 92 50
97 92 59
97 92 64
97 92 72
97 92 77
97 92 84
97 92 91
97 92 93
97 92 106
97 92 114
97 93 9
97 93 15
97 93 23
97 93 28
97 93 42
97 93 49
97 93 55
97 93 57
97 93 62
97 93 69
97 93 71
97 93 76
97 93 81
97 93 83
97 93 89
97 93 103
97 93 126
97 94 13
97 94 20
97 94 21
97 94 27
97 94 40
97 94 45
97 94 47
97 94 54
97 94 61
97 94 67
97 94 74
97 94 79
97 94 88
97 95 18
97 95 39
97 95 44
97 95 52
97 95 57
97 95 59
97 95 66
97 95 71
97 95 73
97 95 78
97 95 86
97 95 91
97 95 93
97 95 109
97 95 114
97 95 148
97 96 35
97 96 37
97 96 42
97 96 51
97 96 56
97 96 64
97 96 69
97 96 76
97 96 83
97 96 85
97 96 90
97 96 96
97 96 98
97 96 113
97 96 119
97 97 15
97 97 34
97 97 41
97 97 47
97 97 68
97 97 75
97 97 81
97 97 95
97 97 96
97 97 97
97 97 98
97 98 13
97 98 71
97 98 80
97 98 93
97 98 97
97 98 99
97 98 100
97 98 103
97 98 116
97 99 65
97 99 70
97 99 78
97 99 100
97 99 101
97 100 14
97 100 15
97 100 68
97 101 12
97 103 125
97 103 153
98 76 25
98 80 56
98 82 87
98 83 18
98 83 36
98 84 16
98 84 35
98 84 48
98 85 33
98 85 47
98 85 67
98 86 32
98 86 38
98 86 40
98 86 64
98 86 106
98 87 18
98 87 28
98 87 30
98 87 37
98 87 44
98 87 50
98 87 57
98 87 62
98 87 76
98 87 78
98 88 15
98 88 16
98 88 27
98 88 35
98 88 40
98 88 42
98 88 49
98 88 61
98 88 74
98 88 83
98 88 90
98 89 13
98 89 25
98 89 34
98 89 39
98 89 47
98 89 52
98 89 59
98 89 73
98 89 86
98 90 12
98 90 24
98 90 30
98 90 32
98 90 37
98 90 46
98 90 51
98 90 58
98 90 71
98 90 78
98 90 80
98 90 85
98 90 112
98 91 10
98 91 22
98 91 29
98 91 36
98 91 42
98 91 44
98 91 49
98 91 54
98 91 56
98 91 68
98 91 70
98 91 76
98 91 83
98 91 91
98 92 19
98 92 20
98 92 27
98 92 32
98 92 34
98 92 41
98 92 48
98 92 53
98 92 66
98 92 75
98 92 80
98 92 82
98 92 95
98 92 116
98 93 17
98 93 26
98 93 31
98 93 39
98 93 44
98 93 46
98 93 51
98 93 65
98 93 73
98 93 78
98 93 92
98 93 94
98 93 107
98 93 115
98 94 24
98 94 29
98 94 38
98 94 43
98 94 50
98 94 63
98 94 70
98 94 72
98 94 77
98 94 90
98 94 120
98 95 14
98 95 21
98 95 22
98 95 28
98 95 34
98 95 36
98 95 41
98 95 46
98 95 48
98 95 62
98 95 68
98 95 75
98 95 89
98 96 26
98 96 33
98 96 40
98 96 58
98 96 60
98 96 67
98 96 72
98 96 74
98 96 87
98 96 115
98 97 31
98 97 36
98 97 57
98 97 65
98 97 70
98 97 84
98 97 86
98 97 114
98 97 120
98 98 42
98 98 69
98 98 97
98 98 98
98 98 99
98 98 158
98 99 14
98 99 81
98 99 104
98 100 18
98 100 26
98 100 79
98 100 100
98 101 15
98 102 13
98 102 34
98 102 118
98 103 12
98 103 46
98 103 73
98 104 71
99 80 40
99 85 17
99 85 44
99 85 97
99 86 15
99 86 27
99 86 82
99 87 12
99 87 21
99 87 26
99 87 33
99 87 39
99 87 41
99 87 60
99 87 73
99 88 24
99 88 29
99 88 31
99 88 38
99 88 58
99 88 63
99 88 79
99 88 92
99 89 16
99 89 17
99 89 23
99 89 28
99 89 36
99 89 57
99 89 62
99 89 70
99 89 96
99 90 14
99 90 21
99 90 26
99 90 53
99 90 55
99 90 60
99 90 67
99 90 69
99 90 74
99 90 82
99 90 87
99 90 94
99 91 13
99 91 18
99 91 19
99 91 25
99 91 31
99 91 33
99 91 47
99 91 59
99 91 65
99 91 72
99 91 79
99 91 81
99 91 86
99 91 91
99 92 16
99 92 23
99 92 30
99 92 43
99 92 45
99 92 50
99 92 55
99 92 64
99 92 69
99 92 71
99 92 77
99 92 84
99 92 89
99 93 15
99 93 20
99 93 21
99 93 28
99 93 42
99 93 49
99 93 54
99 93 62
99 93 67
99 93 76
99 93 81
99 93 83
99 93 88
99 93 96
99 94 13
99 94 18
99 94 27
99 94 40
99 94 45
99 94 47
99 94 52
99 94 61
99 94 66
99 94 74
99 94 79
99 94 86
99 94 93
99 94 95
99 95 11
99 95 17
99 95 25
99 95 39
99 95 44
99 95 57
99 95 59
99 95 64
99 95 71
99 95 73
99 95 78
99 95 83
99 95 85
99 95 119
99 96 23
99 96 37
99 96 42
99 96 49
99 96 56
99 96 63
99 96 69
99 96 76
99 96 81
99 96 147
99 97 12
99 97 13
99 97 41
99 97 46
99 97 54
99 97 59
99 97 61
99 97 68
99 97 75
99 97 80
99 97 88
99 97 93
99 98 32
99 98 37
99 98 39
99 98 66
99 98 78
99 98 87
99 98 97
99 98 98
99 99 49
99 99 65
99 99 98
99 99 99
99 100 100
99 101 12
99 101 102
99 101 122
99 101 156
99 102 65
99 103 119
99 104 21
99 105 72
99 118 52
100 84 89
100 85 60
100 86 32
100 86 64
100 87 15
100 87 16
100 87 28
100 87 35
100 87 101
100 88 13
100 88 27
100 88 47
100 88 61
100 89 12
100 89 25
100 89 30
100 89 32
100 89 39
100 89 46
100 89 80
100 89 86
100 90 24
100 90 29
100 90 37
100 90 42
100 90 44
100 90 51
100 90 71
100 91 22
100 91 27
100 91 36
100 91 49
100 91 54
100 91 56
100 91 68
100 91 70
100 91 75
100 92 19
100 92 20
100 92 26
100 92 34
100 92 39
100 92 48
100 92 53
100 92 66
100 92 73
100 92 80
100 92 82
100 92 100
100 92 105
100 93 17
100 93 24
100 93 31
100 93 38
100 93 44
100 93 46
100 93 51
100 93 65
100 93 70
100 93 72
100 93 78
100 94 16
100 94 21
100 94 22
100 94 34
100 94 36
100 94 43
100 94 50
100 94 63
100 94 68
100 94 77
100 94 89
100 95 14
100 95 19
100 95 28
100 95 33
100 95 46
100 95 48
100 95 62
100 95 67
100 95 75
100 95 87
100 95 101
100 95 109
100 96 12
100 96 45
100 96 58
100 96 60
100 96 72
100 96 74
100 96 86
100 96 120
100 97 30
100 97 43
100 97 70
100 97 82
100 97 114
100 97 119
100 98 13
100 98 55
100 99 11
100 99 38
100 99 59
100 99 67
100 99 79
100 99 88
100 99 99
100 100 18
100 100 78
100 100 99
100 100 100
100 100 107
100 100 121
100 101 15
100 101 16
100 102 13
100 102 95
100 102 104
100 102 118
100 103 71
100 104 58
100 104 154
101 87 33
101 88 16
101 88 36
101 88 63
101 88 70
101 88 97
101 89 14
101 89 23
101 89 48
101 89 69
101 89 75
101 90 26
101 90 31
101 90 47
101 90 60
101 90 65
101 90 81
101 91 18
101 91 19
101 91 25
101 91 30
101 91 43
101 91 45
101 91 59
101 91 64
101 91 91
101 91 93
101 92 16
101 92 23
101 92 28
101 92 42
101 92 50
101 92 55
101 92 57
101 92 62
101 92 69
101 92 76
101 92 84
101 92 89
101 93 15
101 93 20
101 93 21
101 93 27
101 93 40
101 93 49
101 93 61
101 93 67
101 93 74
101 93 81
101 93 83
101 94 18
101 94 39
101 94 45
101 94 47
101 94 52
101 94 57
101 94 59
101 94 66
101 94 71
101 94 73
101 94 79
101 94 86
101 94 91
101 95 17
101 95 23
101 95 35
101 95 37
101 95 44
101 95 56
101 95 64
101 95 69
101 95 78
101 95 83
101 95 85
101 95 90
101 96 15
101 96 49
101 96 54
101 96 63
101 96 68
101 96 76
101 96 81
101 96 88
101 96 110
101 96 157
101 97 13
101 97 19
101 97 41
101 97 59
101 97 61
101 97 66
101 97 73
101 97 75
101 97 80
101 97 85
101 97 116
101 98 10
101 98 31
101 98 51
101 98 65
101 98 71
101 98 78
101 98 83
101 99 14
101 99 15
101 99 61
101 99 75
101 99 77
101 99 82
101 99 104
101 100 12
101 100 60
101 100 68
101 100 125
101 100 151
101 101 79
101 101 99
101 101 101
101 102 101
101 102 103
101 102 104
101 104 65
101 104 67
101 105 121
102 87 15
102 88 34
102 89 12
102 89 46
102 89 51
102 89 98
102 90 24
102 90 42
102 90 70
102 91 27
102 91 32
102 91 41
102 91 66
102 92 19
102 92 39
102 92 44
102 92 65
102 92 94
102 93 17
102 93 24
102 93 38
102 93 51
102 93 63
102 93 70
102 94 16
102 94 21
102 94 22
102 94 34
102 94 50
102 94 62
102 94 68
102 94 75
102 94 89
102 94 96
102 94 107
102 95 14
102 95 19
102 95 33
102 95 48
102 95 74
102 95 87
102 96 18
102 96 38
102 96 45
102 96 65
102 96 70
102 96 84
102 96 86
102 96 91
102 97 16
102 97 55
102 97 64
102 97 82
102 97 89
102 97 103
102 98 20
102 98 60
102 98 62
102 98 86
102 98 88
102 98 94
102 99 32
102 99 50
102 99 66
102 99 79
102 99 84
102 100 15
102 100 16
102 100 49
102 100 57
102 100 62
102 100 76
102 100 78
102 101 13
102 101 74
102 102 25
102 102 102
102 103 17
102 103 71
102 103 103
102 106 12
102 107 10
103 89 35
103 90 65
103 92 28
103 92 49
103 92 67
103 93 20
103 93 21
103 93 40
103 93 45
103 93 74
103 94 18
103 94 25
103 94 59
103 94 64
103 94 73
103 94 86
103 94 91
103 95 22
103 95 37
103 95 51
103 95 69
103 95 83
103 95 85
103 96 41
103 96 68
103 96 73
103 96 81
103 97 53
103 97 58
103 97 66
103 97 71
103 97 80
103 97 87
103 98 49
103 98 51
103 98 56
103 98 65
103 98 83
103 99 15
103 99 61
103 99 68
103 99 75
103 99 77
103 100 27
103 100 51
103 100 98
103 101 11
103 101 45
103 101 79
103 103 102
103 103 103
103 103 104
103 104 106
103 106 15
103 107 13
103 107 123
103 108 51
103 109 23
104 90 36
104 93 34
104 93 43
104 93 77
104 94 22
104 94 33
104 94 62
104 95 60
104 95 74
104 96 57
104 96 64
104 96 84
104 96 86
104 97 82
104 97 89
104 98 81
104 99 52
104 99 66
104 99 79
104 99 84
104 99 91
104 100 16
104 100 76
104 101 99
104 102 17
104 102 100
104 103 15
104 103 101
104 104 14
104 104 27
104 104 103
104 104 104
104 105 20
104 106 107
104 108 14
105 87 58
105 93 47
105 93 79
105 94 69
105 95 68
105 95 81
105 96 73
105 96 75
105 96 93
105 97 78
105 97 87
105 98 77
105 99 82
105 100 72
105 101 70
105 101 77
105 103 102
105 105 105
105 109 35
106 92 38
106 97 67
106 98 66
106 98 79
106 99 64
106 100 27
106 102 17
106 102 18
106 102 71
106 103 15
106 104 14
106 104 66
106 107 132
106 109 38
106 110 16
107 96 66
107 96 93
107 101 84
107 103 19
107 103 91
107 104 16
107 109 12
108 95 109
108 97 67
108 97 94
108 99 64
108 102 51
108 104 19
108 104 92
108 106 16
108 107 14
108 108 18
108 108 113
108 109 9
109 98 68
109 98 73
109 103 64
109 107 17
109 107 106
109 107 126
109 108 15
109 109 19
109 109 53
109 109 108
109 110 110
109 110 111
109 111 114
110 99 74
110 103 56
110 105 51
110 106 16
110 110 109
110 111 11
111 100 70
111 111 111
111 112 12
111 113 112
111 127 23
112 106 41
112 107 40
112 110 13
112 110 14
112 112 112
112 113 114
113 108 27
113 108 54
114 109 28
114 111 107
114 112 109
115 113 125
115 114 124
116 114 112
116 116 117
116 121 129
116 124 78
117 117 117
117 118 115
117 118 119
117 126 75
118 115 115
118 117 116
118 117 117
118 118 118
118 119 120
118 127 66
119 114 108
119 114 136
119 117 115
119 119 119
119 120 119
119 121 120
119 128 67
120 111 106
120 122 122
121 120 119
122 117 118
122 120 117
122 120 120
122 121 120
122 140 19
123 123 125
124 124 124
124 125 127
125 123 121
125 123 122
125 124 124
125 124 125
125 125 125
125 126 126
125 127 129
126 126 126
126 127 130
127 125 124
127 126 126
127 127 127
127 127 128
127 127 130
128 127 125
128 128 128
128 128 129
128 128 130
128 129 129
128 130 130
129 128 126
129 129 130
129 130 129
129 132 132
130 130 128
130 130 129
130 131 133
130 132 132
131 129 128
131 130 127
131 130 129
131 130 131
131 131 131
131 131 132
131 132 132
131 132 133
132 129 132
132 131 132
132 132 130
132 132 132
133 131 128
133 133 132
133 133 133
133 133 134
133 134 134
133 135 136
133 135 137
134 133 133
134 134 133
134 134 134
134 135 134
135 130 15
135 132 134
135 134 134
135 135 135
135 136 137
136 129 129
136 132 15
137 130 15
137 134 135
138 131 16
138 139 139
139 138 137
139 139 138
140 140 141
141 141 141
147 147 147
149 148 148
187 188 187
193 199 203
